DATE,GPS_TIME,GPS_FIX,WGS84_LON,WGS84_LAT,WGS84_ALT,WGS84_HAE,SPEED_KPH,STATION_ID,REMARK,AUX_X0,AUX_X1,AUX_X2,AUX_X3,AUX_X4,AUX_X5,AUX_X6,AUX_X7,AUX_X8,AUX_X9,AUX_X10,AUX_X11,AUX_X12
20170920,13042,11108,150.6637350,-34.0213100,68.39,91.19,0.3,0,gps,,,,,,,,,,,,,
20170920,13043,11108,150.6637367,-34.0213117,68.53,91.33,0.4,0,gps,,,,,,,,,,,,,
20170920,13044,11108,150.6637367,-34.0213117,68.53,91.33,0.2,0,gps,,,,,,,,,,,,,
20170920,13045,11208,150.6637367,-34.0213100,68.62,91.42,0.2,0,gps,,,,,,,,,,,,,
20170920,13046,11208,150.6637367,-34.0213117,68.49,91.29,0.2,0,gps,,,,,,,,,,,,,
20170920,13047,11208,150.6637367,-34.0213133,68.01,90.81,0.4,0,gps,,,,,,,,,,,,,
20170920,13048,11208,150.6637367,-34.0213117,68.52,91.32,0.1,0,gps,,,,,,,,,,,,,
20170920,13049,11208,150.6637367,-34.0213117,68.54,91.34,0.1,0,gps,,,,,,,,,,,,,
20170920,13050,11208,150.6637350,-34.0213100,68.64,91.44,0.5,0,gps,,,,,,,,,,,,,
20170920,13051,11208,150.6637350,-34.0213133,67.85,90.65,0.5,0,gps,,,,,,,,,,,,,
20170920,13052,11208,150.6637350,-34.0213117,68.33,91.13,0.1,0,gps,,,,,,,,,,,,,
20170920,13053,11208,150.6637350,-34.0213100,68.64,91.44,0.4,0,gps,,,,,,,,,,,,,
20170920,13054,11208,150.6637350,-34.0213083,68.74,91.54,0.5,0,gps,,,,,,,,,,,,,
20170920,13055,11208,150.6637333,-34.0213100,68.69,91.49,0.3,0,gps,,,,,,,,,,,,,
20170920,13056,11208,150.6637333,-34.0213083,68.78,91.58,0.3,0,gps,,,,,,,,,,,,,
20170920,13057,11208,150.6637333,-34.0213083,68.87,91.67,0.2,0,gps,,,,,,,,,,,,,
20170920,13058,11208,150.6637333,-34.0213083,68.89,91.69,0.1,0,gps,,,,,,,,,,,,,
20170920,13059,11208,150.6637317,-34.0213083,68.62,91.42,0.3,0,gps,,,,,,,,,,,,,
20170920,13100,11208,150.6637317,-34.0213100,68.56,91.36,0.3,0,gps,,,,,,,,,,,,,
20170920,13101,11308,150.6637317,-34.0213100,68.64,91.44,0.2,0,gps,,,,,,,,,,,,,
20170920,13102,11308,150.6637317,-34.0213083,68.77,91.57,0.3,0,gps,,,,,,,,,,,,,
20170920,13103,11308,150.6637300,-34.0213083,68.87,91.67,0.3,0,gps,,,,,,,,,,,,,
20170920,13104,11308,150.6637300,-34.0213083,68.9,91.7,0.2,0,gps,,,,,,,,,,,,,
20170920,13105,11308,150.6637300,-34.0213067,69.08,91.88,0.4,0,gps,,,,,,,,,,,,,
20170920,13106,11308,150.6637317,-34.0213067,69.19,91.99,0.3,0,gps,,,,,,,,,,,,,
20170920,13107,11308,150.6637317,-34.0213067,69.32,92.12,0.2,0,gps,,,,,,,,,,,,,
20170920,13108,11308,150.6637317,-34.0213050,69.48,92.28,0.4,0,gps,,,,,,,,,,,,,
20170920,13109,11308,150.6637317,-34.0213050,69.51,92.31,0.2,0,gps,,,,,,,,,,,,,
20170920,13110,11308,150.6637317,-34.0213050,69.73,92.53,0.1,0,gps,,,,,,,,,,,,,
20170920,13111,11308,150.6637317,-34.0213033,69.87,92.67,0.4,0,gps,,,,,,,,,,,,,
20170920,13112,11308,150.6637317,-34.0213033,70,92.8,0.2,0,gps,,,,,,,,,,,,,
20170920,13113,11308,150.6637333,-34.0213033,70.11,92.91,0.3,0,gps,,,,,,,,,,,,,
20170920,13114,11308,150.6637333,-34.0213033,70.18,92.98,0.1,0,gps,,,,,,,,,,,,,
20170920,13115,11308,150.6637333,-34.0213033,70.15,92.95,0.1,0,gps,,,,,,,,,,,,,
20170920,13116,11308,150.6637333,-34.0213033,70.25,93.05,0,0,gps,,,,,,,,,,,,,
20170920,13117,11308,150.6637333,-34.0213033,70.22,93.02,0,0,gps,,,,,,,,,,,,,
20170920,13118,11308,150.6637333,-34.0213017,70.34,93.14,0.3,0,gps,,,,,,,,,,,,,
20170920,13119,11308,150.6637333,-34.0213017,70.34,93.14,0.2,0,gps,,,,,,,,,,,,,
20170920,13120,11308,150.6637333,-34.0213017,70.28,93.08,0.1,0,gps,,,,,,,,,,,,,
20170920,13121,11308,150.6637333,-34.0213000,70.35,93.15,0.4,0,gps,,,,,,,,,,,,,
20170920,13122,11308,150.6637333,-34.0213000,70.39,93.19,0.2,0,gps,,,,,,,,,,,,,
20170920,13123,11308,150.6637317,-34.0213000,70.47,93.27,0.3,0,gps,,,,,,,,,,,,,
20170920,13124,11308,150.6637317,-34.0213000,70.46,93.26,0.1,0,gps,,,,,,,,,,,,,
20170920,13125,11308,150.6637317,-34.0213000,70.53,93.33,0.1,0,gps,,,,,,,,,,,,,
20170920,13126,11308,150.6637317,-34.0213000,70.46,93.26,0,0,gps,,,,,,,,,,,,,
20170920,13127,11208,150.6637300,-34.0212983,70.28,93.08,0.4,0,gps,,,,,,,,,,,,,
20170920,13128,11108,150.6637283,-34.0213083,68.07,90.87,1.9,0,gps,,,,,,,,,,,,,
20170920,13129,11108,150.6637283,-34.0213083,68.07,90.87,0.9,0,gps,,,,,,,,,,,,,
20170920,13130,11108,150.6637283,-34.0213083,68.09,90.89,0.5,0,gps,,,,,,,,,,,,,
20170920,13131,11308,150.6637300,-34.0213017,69.33,92.13,1.1,0,gps,,,,,,,,,,,,,
20170920,13132,11308,150.6637333,-34.0213033,69.58,92.38,0.7,0,gps,,,,,,,,,,,,,
20170920,13133,11308,150.6637333,-34.0213000,69.94,92.74,0.8,0,gps,,,,,,,,,,,,,
20170920,13134,11308,150.6637333,-34.0212967,70.67,93.47,1.1,0,gps,,,,,,,,,,,,,
20170920,13135,11308,150.6637333,-34.0213000,70.04,92.84,0.2,0,gps,,,,,,,,,,,,,
20170920,13136,11208,150.6637117,-34.0213100,69.19,91.99,4.1,0,gps,,,,,,,,,,,,,
20170920,13137,11208,150.6637150,-34.0213050,69.95,92.75,1.2,0,gps,,,,,,,,,,,,,
20170920,13138,11308,150.6637367,-34.0212950,71.09,93.89,3.6,0,gps,,,,,,,,,,,,,
20170920,13139,11308,150.6637483,-34.0212950,69.83,92.63,3.6,0,gps,,,,,,,,,,,,,
20170920,13140,11208,150.6637400,-34.0213017,68.86,91.66,0.9,0,gps,,,,,,,,,,,,,
20170920,13141,11208,150.6637467,-34.0212983,69.31,92.11,1.3,0,gps,,,,,,,,,,,,,
20170920,13142,11208,150.6637483,-34.0212967,69.37,92.17,1,0,gps,,,,,,,,,,,,,
20170920,13143,11208,150.6637383,-34.0213017,68.85,91.65,1.4,0,gps,,,,,,,,,,,,,
20170920,13144,11208,150.6637367,-34.0213050,68.7,91.5,1.4,0,gps,,,,,,,,,,,,,
20170920,13145,11208,150.6637367,-34.0213050,68.75,91.55,0.7,0,gps,,,,,,,,,,,,,
20170920,13146,11208,150.6637417,-34.0213033,68.98,91.78,0.6,0,gps,,,,,,,,,,,,,
20170920,13147,11208,150.6637417,-34.0213017,69.05,91.85,0.5,0,gps,,,,,,,,,,,,,
20170920,13148,11208,150.6637433,-34.0213017,69.09,91.89,0.5,0,gps,,,,,,,,,,,,,
20170920,13149,11208,150.6637417,-34.0213017,69,91.8,0.1,0,gps,,,,,,,,,,,,,
20170920,13150,11208,150.6637400,-34.0213033,68.89,91.69,0.4,0,gps,,,,,,,,,,,,,
20170920,13151,11208,150.6637400,-34.0213033,68.94,91.74,0.2,0,gps,,,,,,,,,,,,,
20170920,13152,11208,150.6637400,-34.0213033,68.9,91.7,0.1,0,gps,,,,,,,,,,,,,
20170920,13153,11208,150.6637383,-34.0213050,68.86,91.66,0.5,0,gps,,,,,,,,,,,,,
20170920,13154,11208,150.6637400,-34.0213033,68.98,91.78,0.2,0,gps,,,,,,,,,,,,,
20170920,13155,11208,150.6637400,-34.0213033,69.08,91.88,0.1,0,gps,,,,,,,,,,,,,
20170920,13156,11208,150.6637400,-34.0213033,69.08,91.88,0,0,gps,,,,,,,,,,,,,
20170920,13157,11208,150.6637400,-34.0213033,69.07,91.87,0,0,gps,,,,,,,,,,,,,
20170920,13158,11208,150.6637383,-34.0213050,69.05,91.85,0.4,0,gps,,,,,,,,,,,,,
20170920,13159,11208,150.6637383,-34.0213050,69.1,91.9,0.2,0,gps,,,,,,,,,,,,,
20170920,13200,11208,150.6637383,-34.0213050,69.09,91.89,0.1,0,gps,,,,,,,,,,,,,
20170920,13201,11208,150.6637383,-34.0213050,69.1,91.9,0.1,0,gps,,,,,,,,,,,,,
20170920,13202,11208,150.6637400,-34.0213050,69.2,92,0.3,0,gps,,,,,,,,,,,,,
20170920,13203,11208,150.6637400,-34.0213050,69.26,92.06,0.1,0,gps,,,,,,,,,,,,,
20170920,13204,11208,150.6637400,-34.0213050,69.22,92.02,0.1,0,gps,,,,,,,,,,,,,
20170920,13205,11208,150.6637417,-34.0213050,69.31,92.11,0.3,0,gps,,,,,,,,,,,,,
20170920,13206,11208,150.6637417,-34.0213050,69.31,92.11,0.2,0,gps,,,,,,,,,,,,,
20170920,13207,11208,150.6637433,-34.0213033,69.46,92.26,0.5,0,gps,,,,,,,,,,,,,
20170920,13208,11208,150.6637450,-34.0213033,69.54,92.34,0.5,0,gps,,,,,,,,,,,,,
20170920,13209,11208,150.6637433,-34.0213050,69.48,92.28,0.3,0,gps,,,,,,,,,,,,,
20170920,13210,11208,150.6637450,-34.0213033,69.58,92.38,0.3,0,gps,,,,,,,,,,,,,
20170920,13211,11208,150.6637467,-34.0213033,69.66,92.46,0.4,0,gps,,,,,,,,,,,,,
20170920,13212,11208,150.6637467,-34.0213033,69.75,92.55,0.2,0,gps,,,,,,,,,,,,,
20170920,13213,11208,150.6637483,-34.0213033,69.81,92.61,0.4,0,gps,,,,,,,,,,,,,
20170920,13214,11208,150.6637483,-34.0213033,69.89,92.69,0.2,0,gps,,,,,,,,,,,,,
20170920,13215,11208,150.6637500,-34.0213033,70,92.8,0.4,0,gps,,,,,,,,,,,,,
20170920,13216,11208,150.6637500,-34.0213033,69.97,92.77,0.2,0,gps,,,,,,,,,,,,,
20170920,13217,11208,150.6637517,-34.0213033,70.03,92.83,0.4,0,gps,,,,,,,,,,,,,
20170920,13218,11208,150.6637517,-34.0213033,70.08,92.88,0.2,0,gps,,,,,,,,,,,,,
20170920,13219,11208,150.6637533,-34.0213033,70.2,93,0.4,0,gps,,,,,,,,,,,,,
20170920,13220,11208,150.6637567,-34.0213017,70.47,93.27,0.8,0,gps,,,,,,,,,,,,,
20170920,13221,11108,150.6637133,-34.0213283,67.65,90.45,8.6,0,gps,,,,,,,,,,,,,
20170920,13222,11108,150.6637133,-34.0213283,67.7,90.5,4.3,0,gps,,,,,,,,,,,,,
20170920,13223,11108,150.6637133,-34.0213300,67.72,90.52,2.4,0,gps,,,,,,,,,,,,,
20170920,13224,11108,150.6637133,-34.0213283,67.78,90.58,1,0,gps,,,,,,,,,,,,,
20170920,13225,11208,150.6637600,-34.0213017,70.74,93.54,8.9,0,gps,,,,,,,,,,,,,
20170920,13226,11208,150.6637567,-34.0213033,70.57,93.37,3.8,0,gps,,,,,,,,,,,,,
20170920,13227,11208,150.6637500,-34.0213067,70.15,92.95,0.6,0,gps,,,,,,,,,,,,,
20170920,13228,11208,150.6637533,-34.0213050,70.36,93.16,1,0,gps,,,,,,,,,,,,,
20170920,13229,11208,150.6637450,-34.0213100,69.87,92.67,1.2,0,gps,,,,,,,,,,,,,
20170920,13230,11208,150.6637483,-34.0213083,70.12,92.92,0.1,0,gps,,,,,,,,,,,,,
20170920,13231,11208,150.6637517,-34.0213067,70.36,93.16,0.7,0,gps,,,,,,,,,,,,,
20170920,13232,11208,150.6637533,-34.0213067,70.44,93.24,0.6,0,gps,,,,,,,,,,,,,
20170920,13233,11208,150.6637500,-34.0213083,70.23,93.03,0.4,0,gps,,,,,,,,,,,,,
20170920,13234,11208,150.6637450,-34.0213117,69.97,92.77,1.2,0,gps,,,,,,,,,,,,,
20170920,13235,11208,150.6637417,-34.0213150,69.76,92.56,1.5,0,gps,,,,,,,,,,,,,
20170920,13236,11208,150.6637383,-34.0213150,69.64,92.44,1.2,0,gps,,,,,,,,,,,,,
20170920,13237,11208,150.6637367,-34.0213167,69.5,92.3,1,0,gps,,,,,,,,,,,,,
20170920,13238,11108,150.6637150,-34.0213300,68.13,90.93,5,0,gps,,,,,,,,,,,,,
20170920,13239,11108,150.6637150,-34.0213300,68.16,90.96,2.5,0,gps,,,,,,,,,,,,,
20170920,13240,11108,150.6637150,-34.0213300,68.2,91,1.2,0,gps,,,,,,,,,,,,,
20170920,13241,11208,150.6637417,-34.0213150,69.83,92.63,4.7,0,gps,,,,,,,,,,,,,
20170920,13242,11208,150.6637383,-34.0213167,69.69,92.49,1.7,0,gps,,,,,,,,,,,,,
20170920,13243,11012,150.6637133,-34.0213333,67.88,90.68,4.5,0,gps,,,,,,,,,,,,,
20170920,13244,11108,150.6637150,-34.0213317,68.16,90.96,1.8,0,gps,,,,,,,,,,,,,
20170920,13245,11108,150.6637150,-34.0213317,68.22,91.02,0.9,0,gps,,,,,,,,,,,,,
20170920,13246,11108,150.6637150,-34.0213333,68.19,90.99,0.7,0,gps,,,,,,,,,,,,,
20170920,13247,11108,150.6637150,-34.0213333,68.19,90.99,0.4,0,gps,,,,,,,,,,,,,
20170920,13248,11108,150.6637150,-34.0213333,68.21,91.01,0.2,0,gps,,,,,,,,,,,,,
20170920,13249,11108,150.6637150,-34.0213333,68.24,91.04,0.1,0,gps,,,,,,,,,,,,,
20170920,13250,11012,150.6637150,-34.0213333,68.23,91.03,0,0,gps,,,,,,,,,,,,,
20170920,13251,11012,150.6637150,-34.0213333,68.32,91.12,0,0,gps,,,,,,,,,,,,,
20170920,13252,11012,150.6637167,-34.0213317,68.39,91.19,0.4,0,gps,,,,,,,,,,,,,
20170920,13253,11012,150.6637167,-34.0213317,68.45,91.25,0.2,0,gps,,,,,,,,,,,,,
20170920,13254,11012,150.6637167,-34.0213317,68.53,91.33,0.1,0,gps,,,,,,,,,,,,,
20170920,13255,11110,150.6637800,-34.0212883,74.29,97.09,13.7,0,gps,,,,,,,,,,,,,
20170920,13256,11110,150.6638617,-34.0212317,81.7,104.5,24.5,0,gps,,,,,,,,,,,,,
20170920,13257,11110,150.6638550,-34.0212367,81.06,103.86,10.8,0,gps,,,,,,,,,,,,,
20170920,13258,11110,150.6638483,-34.0212417,80.57,103.37,3.9,0,gps,,,,,,,,,,,,,
20170920,13259,11110,150.6638567,-34.0212350,81.39,104.19,3.9,0,gps,,,,,,,,,,,,,
20170920,13300,11110,150.6638500,-34.0212400,80.77,103.57,0.4,0,gps,,,,,,,,,,,,,
20170920,13301,11012,150.6637183,-34.0213317,68.82,91.62,28.3,0,gps,,,,,,,,,,,,,
20170920,13302,11012,150.6637183,-34.0213317,68.89,91.69,14.2,0,gps,,,,,,,,,,,,,
20170920,13303,11012,150.6637183,-34.0213317,68.93,91.73,7.1,0,gps,,,,,,,,,,,,,
20170920,13304,11012,150.6637183,-34.0213317,68.99,91.79,3.5,0,gps,,,,,,,,,,,,,
20170920,13305,11012,150.6637183,-34.0213317,69.02,91.82,1.8,0,gps,,,,,,,,,,,,,
20170920,13306,11012,150.6637200,-34.0213300,69.09,91.89,0.5,0,gps,,,,,,,,,,,,,
20170920,13307,11012,150.6637200,-34.0213300,69.13,91.93,0.2,0,gps,,,,,,,,,,,,,
20170920,13308,11108,150.6637283,-34.0213233,70.48,93.28,1.8,0,gps,,,,,,,,,,,,,
20170920,13309,11108,150.6637183,-34.0213317,69.01,91.81,1.4,0,gps,,,,,,,,,,,,,
20170920,13310,11108,150.6637250,-34.0213267,69.87,92.67,0.8,0,gps,,,,,,,,,,,,,
20170920,13311,11208,150.6637233,-34.0213283,69.3,92.1,0.1,0,gps,,,,,,,,,,,,,
20170920,13312,11108,150.6637217,-34.0213300,69.24,92.04,0.5,0,gps,,,,,,,,,,,,,
20170920,13313,11108,150.6637200,-34.0213317,69,91.8,0.7,0,gps,,,,,,,,,,,,,
20170920,13314,11108,150.6637183,-34.0213317,68.83,91.63,0.5,0,gps,,,,,,,,,,,,,
20170920,13315,11108,150.6637200,-34.0213300,69.13,91.93,0.2,0,gps,,,,,,,,,,,,,
20170920,13316,11108,150.6637183,-34.0213317,68.83,91.63,0.3,0,gps,,,,,,,,,,,,,
20170920,13317,11108,150.6637167,-34.0213333,68.51,91.31,0.6,0,gps,,,,,,,,,,,,,
20170920,13318,11108,150.6637183,-34.0213317,68.77,91.57,0.1,0,gps,,,,,,,,,,,,,
20170920,13319,11108,150.6637200,-34.0213317,68.94,91.74,0.3,0,gps,,,,,,,,,,,,,
20170920,13320,11108,150.6637200,-34.0213300,69.05,91.85,0.4,0,gps,,,,,,,,,,,,,
20170920,13321,11208,150.6637300,-34.0213233,69.77,92.57,2.3,0,gps,,,,,,,,,,,,,
20170920,13322,11208,150.6637217,-34.0213300,69.25,92.05,0.8,0,gps,,,,,,,,,,,,,
20170920,13323,11208,150.6637367,-34.0213200,70.15,92.95,2.8,0,gps,,,,,,,,,,,,,
20170920,13324,11208,150.6637417,-34.0213183,70.39,93.19,2.3,0,gps,,,,,,,,,,,,,
20170920,13325,11108,150.6637233,-34.0213300,69.17,91.97,2.7,0,gps,,,,,,,,,,,,,
20170920,13326,11108,150.6637233,-34.0213283,69.23,92.03,1.2,0,gps,,,,,,,,,,,,,
20170920,13327,11108,150.6637250,-34.0213283,69.32,92.12,0.4,0,gps,,,,,,,,,,,,,
20170920,13328,11108,150.6637250,-34.0213283,69.41,92.21,0.2,0,gps,,,,,,,,,,,,,
20170920,13329,11208,150.6637217,-34.0213300,69.21,92.01,0.7,0,gps,,,,,,,,,,,,,
20170920,13330,11108,150.6637267,-34.0213267,69.5,92.3,0.7,0,gps,,,,,,,,,,,,,
20170920,13331,11108,150.6637267,-34.0213267,69.62,92.42,0.4,0,gps,,,,,,,,,,,,,
20170920,13332,11208,150.6637433,-34.0213167,70.66,93.46,3.6,0,gps,,,,,,,,,,,,,
20170920,13333,11208,150.6637317,-34.0213217,69.94,92.74,0.5,0,gps,,,,,,,,,,,,,
20170920,13334,11108,150.6637283,-34.0213233,69.88,92.68,0.9,0,gps,,,,,,,,,,,,,
20170920,13335,11108,150.6637300,-34.0213217,69.99,92.79,0.2,0,gps,,,,,,,,,,,,,
20170920,13336,11108,150.6637300,-34.0213217,70.02,92.82,0.1,0,gps,,,,,,,,,,,,,
