DATE,GPS_TIME,GPS_FIX,WGS84_LON,WGS84_LAT,WGS84_ALT,WGS84_HAE,SPEED_KPH,STATION_ID,REMARK,AUX_X0,AUX_X1,AUX_X2,AUX_X3,AUX_X4,AUX_X5,AUX_X6,AUX_X7,AUX_X8,AUX_X9,AUX_X10,AUX_X11,AUX_X12
20170920,14238,11011,150.6637233,-34.0213200,67.87,90.67,0.9,0,gps,,,,,,,,,,,,,
20170920,14239,11011,150.6637233,-34.0213200,67.79,90.59,0.5,0,gps,,,,,,,,,,,,,
20170920,14240,11011,150.6637233,-34.0213200,67.87,90.67,0.2,0,gps,,,,,,,,,,,,,
20170920,14241,11108,150.6637250,-34.0213217,68.18,90.98,0.3,0,gps,,,,,,,,,,,,,
20170920,14242,11108,150.6637250,-34.0213233,67.83,90.63,0.5,0,gps,,,,,,,,,,,,,
20170920,14243,11108,150.6637250,-34.0213233,68.08,90.88,0.2,0,gps,,,,,,,,,,,,,
20170920,14244,11108,150.6637283,-34.0213183,69.01,91.81,1.1,0,gps,,,,,,,,,,,,,
20170920,14245,11108,150.6637283,-34.0213233,68.42,91.22,0.6,0,gps,,,,,,,,,,,,,
20170920,14246,11108,150.6637267,-34.0213250,68.02,90.82,0.6,0,gps,,,,,,,,,,,,,
20170920,14247,11011,150.6637267,-34.0213217,68.26,91.06,0.4,0,gps,,,,,,,,,,,,,
20170920,14248,11011,150.6637267,-34.0213217,68.38,91.18,0.2,0,gps,,,,,,,,,,,,,
20170920,14249,11108,150.6637267,-34.0213217,68.51,91.31,0.1,0,gps,,,,,,,,,,,,,
20170920,14250,11108,150.6637267,-34.0213217,68.67,91.47,0,0,gps,,,,,,,,,,,,,
20170920,14251,11108,150.6637283,-34.0213233,68.51,91.31,0.4,0,gps,,,,,,,,,,,,,
20170920,14252,11108,150.6637267,-34.0213200,68.65,91.45,0.5,0,gps,,,,,,,,,,,,,
20170920,14253,11108,150.6637267,-34.0213217,68.27,91.07,0.1,0,gps,,,,,,,,,,,,,
20170920,14254,11108,150.6637267,-34.0213233,68.13,90.93,0.4,0,gps,,,,,,,,,,,,,
20170920,14255,11108,150.6637267,-34.0213250,68.22,91.02,0.5,0,gps,,,,,,,,,,,,,
20170920,14256,11108,150.6637283,-34.0213233,68.28,91.08,0.3,0,gps,,,,,,,,,,,,,
20170920,14257,11108,150.6637283,-34.0213250,68.34,91.14,0.3,0,gps,,,,,,,,,,,,,
20170920,14258,11108,150.6637283,-34.0213250,68.43,91.23,0.2,0,gps,,,,,,,,,,,,,
20170920,14259,11108,150.6637283,-34.0213250,68.44,91.24,0.1,0,gps,,,,,,,,,,,,,
20170920,14300,11108,150.6637300,-34.0213267,68.38,91.18,0.5,0,gps,,,,,,,,,,,,,
20170920,14301,11108,150.6637300,-34.0213267,68.49,91.29,0.2,0,gps,,,,,,,,,,,,,
20170920,14302,11108,150.6637300,-34.0213283,68.53,91.33,0.4,0,gps,,,,,,,,,,,,,
20170920,14303,11108,150.6637317,-34.0213283,68.6,91.4,0.4,0,gps,,,,,,,,,,,,,
20170920,14304,11108,150.6637317,-34.0213283,68.85,91.65,0.2,0,gps,,,,,,,,,,,,,
20170920,14305,11208,150.6637317,-34.0213283,68.78,91.58,0.1,0,gps,,,,,,,,,,,,,
20170920,14306,11208,150.6637317,-34.0213283,68.95,91.75,0,0,gps,,,,,,,,,,,,,
20170920,14307,11208,150.6637317,-34.0213283,69.03,91.83,0,0,gps,,,,,,,,,,,,,
20170920,14308,11208,150.6637317,-34.0213283,69.1,91.9,0,0,gps,,,,,,,,,,,,,
20170920,14309,11208,150.6637317,-34.0213283,68.93,91.73,0,0,gps,,,,,,,,,,,,,
20170920,14310,11208,150.6637317,-34.0213283,68.93,91.73,0,0,gps,,,,,,,,,,,,,
20170920,14311,11208,150.6637317,-34.0213283,68.78,91.58,0,0,gps,,,,,,,,,,,,,
20170920,14312,11208,150.6637317,-34.0213300,68.52,91.32,0.3,0,gps,,,,,,,,,,,,,
20170920,14352,10698,150.6637033,-34.0213667,51.89,74.69,0.4,0,gps,,,,,,,,,,,,,
20170920,14353.01,10698,150.6637000,-34.0213650,52.28,75.08,0.6,0,gps,,,,,,,,,,,,,
20170920,14354.01,10698,150.6637033,-34.0213683,51.62,74.42,0.6,0,gps,,,,,,,,,,,,,
20170920,14355.01,10698,150.6637000,-34.0213650,52.12,74.92,0.6,0,gps,,,,,,,,,,,,,
20170920,14356.01,10698,150.6636983,-34.0213650,52.48,75.28,0.5,0,gps,,,,,,,,,,,,,
20170920,14357.01,10698,150.6636983,-34.0213650,52.6,75.4,0.3,0,gps,,,,,,,,,,,,,
20170920,14358.01,10698,150.6636967,-34.0213633,53.09,75.89,0.6,0,gps,,,,,,,,,,,,,
20170920,14359.01,10698,150.6636933,-34.0213583,54.23,77.03,1.4,0,gps,,,,,,,,,,,,,
20170920,14400.01,10698,150.6636933,-34.0213583,54.43,77.23,0.7,0,gps,,,,,,,,,,,,,
20170920,14401.01,10698,150.6636933,-34.0213583,54.96,77.76,0.4,0,gps,,,,,,,,,,,,,
20170920,14402.01,10698,150.6636900,-34.0213567,55.67,78.47,0.8,0,gps,,,,,,,,,,,,,
20170920,14403.01,10698,150.6636900,-34.0213567,55.71,78.51,0.4,0,gps,,,,,,,,,,,,,
20170920,14404.01,10698,150.6636900,-34.0213567,56.02,78.82,0.2,0,gps,,,,,,,,,,,,,
20170920,14405.01,10824,150.6636883,-34.0213550,58.97,81.77,0.5,0,gps,,,,,,,,,,,,,
20170920,14406.01,10913,150.6636750,-34.0213350,61.33,84.13,4.8,0,gps,,,,,,,,,,,,,
20170920,14407.01,11011,150.6636833,-34.0213283,63.48,86.28,3.4,0,gps,,,,,,,,,,,,,
20170920,14408.01,11011,150.6636800,-34.0213367,62.52,85.32,0.5,0,gps,,,,,,,,,,,,,
20170920,14409.01,11011,150.6636783,-34.0213367,62.12,84.92,0.5,0,gps,,,,,,,,,,,,,
20170920,14410.01,11011,150.6636767,-34.0213283,62.43,85.23,1.8,0,gps,,,,,,,,,,,,,
20170920,14411.01,11011,150.6636750,-34.0213267,61.9,84.7,1.3,0,gps,,,,,,,,,,,,,
20170920,14412.01,11011,150.6636767,-34.0213233,62.33,85.13,1.3,0,gps,,,,,,,,,,,,,
20170920,14413.01,11011,150.6637117,-34.0213283,62.43,85.23,5.8,0,gps,,,,,,,,,,,,,
20170920,14414,11011,150.6637067,-34.0213250,62.2,85,2.1,0,gps,,,,,,,,,,,,,
20170920,14415,11011,150.6637067,-34.0213267,61.78,84.58,1,0,gps,,,,,,,,,,,,,
20170920,14416,11011,150.6637017,-34.0213283,61.32,84.12,0.5,0,gps,,,,,,,,,,,,,
20170920,14417,11011,150.6637000,-34.0213317,60.72,83.52,1,0,gps,,,,,,,,,,,,,
20170920,14418,11011,150.6637017,-34.0213350,60.3,83.1,1.1,0,gps,,,,,,,,,,,,,
20170920,14419,11011,150.6637000,-34.0213350,60.04,82.84,0.6,0,gps,,,,,,,,,,,,,
20170920,14420,11011,150.6637000,-34.0213350,60.47,83.27,0.3,0,gps,,,,,,,,,,,,,
20170920,14421,11011,150.6636967,-34.0213333,60.73,83.53,0.6,0,gps,,,,,,,,,,,,,
20170920,14422,11011,150.6636983,-34.0213317,61.47,84.27,0.4,0,gps,,,,,,,,,,,,,
20170920,14423,11011,150.6636983,-34.0213333,61.61,84.41,0.1,0,gps,,,,,,,,,,,,,
20170920,14424,11011,150.6636983,-34.0213317,62.03,84.83,0.3,0,gps,,,,,,,,,,,,,
20170920,14425,11011,150.6637000,-34.0213317,62.36,85.16,0.3,0,gps,,,,,,,,,,,,,
20170920,14426,11011,150.6637000,-34.0213317,62.73,85.53,0.2,0,gps,,,,,,,,,,,,,
20170920,14427,11011,150.6637000,-34.0213317,63.03,85.83,0.1,0,gps,,,,,,,,,,,,,
20170920,14428,11011,150.6637000,-34.0213300,63.44,86.24,0.4,0,gps,,,,,,,,,,,,,
20170920,14429,11011,150.6637000,-34.0213300,63.59,86.39,0.2,0,gps,,,,,,,,,,,,,
20170920,14430,11011,150.6637000,-34.0213283,63.84,86.64,0.4,0,gps,,,,,,,,,,,,,
20170920,14431,11110,150.6637000,-34.0213283,64.07,86.87,0.2,0,gps,,,,,,,,,,,,,
20170920,14432,11110,150.6636983,-34.0213283,64.14,86.94,0.3,0,gps,,,,,,,,,,,,,
20170920,14433,11110,150.6636983,-34.0213300,63.6,86.4,0.3,0,gps,,,,,,,,,,,,,
20170920,14434,11110,150.6636967,-34.0213267,63.93,86.73,0.6,0,gps,,,,,,,,,,,,,
20170920,14435,11110,150.6636983,-34.0213267,64.35,87.15,0.3,0,gps,,,,,,,,,,,,,
20170920,14436,11110,150.6636983,-34.0213267,64.42,87.22,0.1,0,gps,,,,,,,,,,,,,
20170920,14437,11110,150.6636967,-34.0213267,64.28,87.08,0.3,0,gps,,,,,,,,,,,,,
20170920,14438,11110,150.6636983,-34.0213267,64.67,87.47,0.2,0,gps,,,,,,,,,,,,,
20170920,14439,11110,150.6636967,-34.0213250,64.7,87.5,0.4,0,gps,,,,,,,,,,,,,
20170920,14440,11110,150.6636967,-34.0213250,64.5,87.3,0.2,0,gps,,,,,,,,,,,,,
20170920,14441,11110,150.6636967,-34.0213250,64.36,87.16,0.1,0,gps,,,,,,,,,,,,,
20170920,14442,11110,150.6636967,-34.0213250,64.42,87.22,0.1,0,gps,,,,,,,,,,,,,
20170920,14443,11110,150.6636967,-34.0213250,64.41,87.21,0,0,gps,,,,,,,,,,,,,
20170920,14444,11208,150.6636967,-34.0213250,64.36,87.16,0,0,gps,,,,,,,,,,,,,
20170920,14445,11208,150.6636967,-34.0213250,64.31,87.11,0,0,gps,,,,,,,,,,,,,
20170920,14446,11208,150.6636950,-34.0213250,64.42,87.22,0.3,0,gps,,,,,,,,,,,,,
20170920,14447,11208,150.6636950,-34.0213250,64.51,87.31,0.1,0,gps,,,,,,,,,,,,,
20170920,14448,11208,150.6636950,-34.0213267,64.34,87.14,0.3,0,gps,,,,,,,,,,,,,
20170920,14449,11208,150.6636933,-34.0213250,64.42,87.22,0.4,0,gps,,,,,,,,,,,,,
20170920,14450,11208,150.6636933,-34.0213250,64.39,87.19,0.2,0,gps,,,,,,,,,,,,,
20170920,14451,11308,150.6637183,-34.0213217,67.36,90.16,4.1,0,gps,,,,,,,,,,,,,
20170920,14452,11208,150.6637300,-34.0213200,68.82,91.62,4,0,gps,,,,,,,,,,,,,
20170920,14453,11308,150.6637317,-34.0213200,68.97,91.77,2.3,0,gps,,,,,,,,,,,,,
20170920,14454,11308,150.6637383,-34.0213200,69.58,92.38,2.2,0,gps,,,,,,,,,,,,,
20170920,14455,11308,150.6637267,-34.0213217,68.22,91.02,0.9,0,gps,,,,,,,,,,,,,
20170920,14456,11208,150.6637433,-34.0213583,74.17,96.97,7.8,0,gps,,,,,,,,,,,,,
20170920,14457,11208,150.6637433,-34.0213567,74.21,97.01,3.6,0,gps,,,,,,,,,,,,,
20170920,14458,11208,150.6637450,-34.0213583,74.82,97.62,2.2,0,gps,,,,,,,,,,,,,
20170920,14459,11208,150.6637417,-34.0213567,74.32,97.12,0.7,0,gps,,,,,,,,,,,,,
20170920,14500,11208,150.6637383,-34.0213550,73.98,96.78,0.6,0,gps,,,,,,,,,,,,,
20170920,14501,11208,150.6637367,-34.0213550,74.08,96.88,0.6,0,gps,,,,,,,,,,,,,
20170920,14502,11208,150.6637317,-34.0213533,73.4,96.2,1.2,0,gps,,,,,,,,,,,,,
20170920,14503,11308,150.6637217,-34.0213333,70.24,93.04,4.7,0,gps,,,,,,,,,,,,,
20170920,14504,11308,150.6637183,-34.0213300,69.72,92.52,3.2,0,gps,,,,,,,,,,,,,
20170920,14505,11308,150.6637167,-34.0213217,68.89,91.69,3.2,0,gps,,,,,,,,,,,,,
20170920,14506,11208,150.6637183,-34.0213217,70.21,93.01,1.5,0,gps,,,,,,,,,,,,,
20170920,14507,11108,150.6636900,-34.0213283,66.37,89.17,4.9,0,gps,,,,,,,,,,,,,
20170920,14508,11108,150.6636883,-34.0213267,66.09,88.89,2.7,0,gps,,,,,,,,,,,,,
20170920,14509,11108,150.6636883,-34.0213267,66.28,89.08,1.4,0,gps,,,,,,,,,,,,,
20170920,14510,11108,150.6636833,-34.0213233,65.68,88.48,1.7,0,gps,,,,,,,,,,,,,
20170920,14511,11108,150.6636850,-34.0213250,66.23,89.03,0.5,0,gps,,,,,,,,,,,,,
20170920,14512,11108,150.6636883,-34.0213267,66.81,89.61,0.5,0,gps,,,,,,,,,,,,,
20170920,14513,11108,150.6636917,-34.0213300,67.41,90.21,1.1,0,gps,,,,,,,,,,,,,
20170920,14514,11108,150.6636900,-34.0213300,67.47,90.27,0.4,0,gps,,,,,,,,,,,,,
20170920,14515,11208,150.6636933,-34.0213467,65.57,88.37,3.6,0,gps,,,,,,,,,,,,,
20170920,14516,11208,150.6636917,-34.0213383,66.9,89.7,0.1,0,gps,,,,,,,,,,,,,
20170920,14517,11208,150.6636933,-34.0213350,67.85,90.65,0.7,0,gps,,,,,,,,,,,,,
20170920,14518,11208,150.6636917,-34.0213350,67.72,90.52,0.3,0,gps,,,,,,,,,,,,,
20170920,14519,11208,150.6636933,-34.0213400,67.23,90.03,0.9,0,gps,,,,,,,,,,,,,
20170920,14520,11208,150.6636933,-34.0213333,68.28,91.08,0.9,0,gps,,,,,,,,,,,,,
20170920,14521,11208,150.6636917,-34.0213367,67.64,90.44,0.3,0,gps,,,,,,,,,,,,,
20170920,14522,11208,150.6636933,-34.0213450,66.63,89.43,1.8,0,gps,,,,,,,,,,,,,
20170920,14523,11208,150.6636933,-34.0213483,65.87,88.67,1.6,0,gps,,,,,,,,,,,,,
20170920,14524,11208,150.6636933,-34.0213483,65.86,88.66,0.8,0,gps,,,,,,,,,,,,,
20170920,14525,11208,150.6636933,-34.0213483,65.79,88.59,0.4,0,gps,,,,,,,,,,,,,
20170920,14526,11208,150.6636933,-34.0213500,65.71,88.51,0.5,0,gps,,,,,,,,,,,,,
20170920,14527,11208,150.6636933,-34.0213517,65.41,88.21,0.6,0,gps,,,,,,,,,,,,,
20170920,14528,11208,150.6636950,-34.0213550,65.12,87.92,1,0,gps,,,,,,,,,,,,,
20170920,14529,11208,150.6636950,-34.0213550,65.25,88.05,0.5,0,gps,,,,,,,,,,,,,
20170920,14530,11208,150.6636950,-34.0213550,65.35,88.15,0.3,0,gps,,,,,,,,,,,,,
20170920,14531,10818,150.6637483,-34.0214167,78.98,101.78,15.3,0,gps,,,,,,,,,,,,,
20170920,14532,10818,150.6637483,-34.0214167,78.94,101.74,7.6,0,gps,,,,,,,,,,,,,
20170920,14533,10818,150.6637467,-34.0214167,78.89,101.69,3.7,0,gps,,,,,,,,,,,,,
20170920,14534,10818,150.6637483,-34.0214167,78.86,101.66,2,0,gps,,,,,,,,,,,,,
20170920,14535,10818,150.6637467,-34.0214167,78.81,101.61,0.9,0,gps,,,,,,,,,,,,,
20170920,14536,10818,150.6637467,-34.0214167,78.76,101.56,0.4,0,gps,,,,,,,,,,,,,
20170920,14537,10818,150.6637467,-34.0214167,78.74,101.54,0.2,0,gps,,,,,,,,,,,,,
20170920,14538,10818,150.6637467,-34.0214150,78.71,101.51,0.2,0,gps,,,,,,,,,,,,,
20170920,14539,10818,150.6637467,-34.0214150,78.67,101.47,0.1,0,gps,,,,,,,,,,,,,
20170920,14540,10818,150.6637450,-34.0214133,78.63,101.43,0.5,0,gps,,,,,,,,,,,,,
20170920,14541,10818,150.6637450,-34.0214117,78.57,101.37,0.5,0,gps,,,,,,,,,,,,,
20170920,14542,10818,150.6637433,-34.0214117,78.53,101.33,0.4,0,gps,,,,,,,,,,,,,
20170920,14543,10818,150.6637433,-34.0214100,78.51,101.31,0.5,0,gps,,,,,,,,,,,,,
20170920,14544,10818,150.6637433,-34.0214100,78.52,101.32,0.2,0,gps,,,,,,,,,,,,,
20170920,14545,10818,150.6637433,-34.0214083,78.39,101.19,0.5,0,gps,,,,,,,,,,,,,
20170920,14546,10818,150.6637417,-34.0214067,78.37,101.17,0.6,0,gps,,,,,,,,,,,,,
20170920,14547,10818,150.6637417,-34.0214067,78.37,101.17,0.3,0,gps,,,,,,,,,,,,,
20170920,14548,10818,150.6637417,-34.0214067,78.32,101.12,0.2,0,gps,,,,,,,,,,,,,
20170920,14549,10818,150.6637417,-34.0214050,78.21,101.01,0.4,0,gps,,,,,,,,,,,,,
20170920,14550,10818,150.6637400,-34.0214033,78.11,100.91,0.6,0,gps,,,,,,,,,,,,,
20170920,14551,10818,150.6637400,-34.0214033,78.11,100.91,0.3,0,gps,,,,,,,,,,,,,
20170920,14552,10818,150.6637400,-34.0214033,78.06,100.86,0.2,0,gps,,,,,,,,,,,,,
20170920,14553,10818,150.6637400,-34.0214033,78.02,100.82,0.1,0,gps,,,,,,,,,,,,,
20170920,14554,10818,150.6637383,-34.0214017,77.91,100.71,0.5,0,gps,,,,,,,,,,,,,
20170920,14555,10818,150.6637383,-34.0214017,77.88,100.68,0.2,0,gps,,,,,,,,,,,,,
20170920,14556,10818,150.6637383,-34.0214000,77.77,100.57,0.4,0,gps,,,,,,,,,,,,,
20170920,14557,10818,150.6637367,-34.0214000,77.7,100.5,0.4,0,gps,,,,,,,,,,,,,
20170920,14558,10818,150.6637367,-34.0213983,77.67,100.47,0.5,0,gps,,,,,,,,,,,,,
20170920,14559,10818,150.6637350,-34.0213983,77.64,100.44,0.4,0,gps,,,,,,,,,,,,,
20170920,14600,10818,150.6637350,-34.0213983,77.61,100.41,0.2,0,gps,,,,,,,,,,,,,
20170920,14601,10818,150.6637350,-34.0213983,77.6,100.4,0.1,0,gps,,,,,,,,,,,,,
20170920,14602,10818,150.6637350,-34.0213983,77.62,100.42,0.1,0,gps,,,,,,,,,,,,,
20170920,14603,10818,150.6637350,-34.0213983,77.6,100.4,0,0,gps,,,,,,,,,,,,,
20170920,14604,10818,150.6637350,-34.0213983,77.63,100.43,0,0,gps,,,,,,,,,,,,,
20170920,14605,10818,150.6637350,-34.0214000,77.62,100.42,0.3,0,gps,,,,,,,,,,,,,
20170920,14606,10818,150.6637350,-34.0214000,77.56,100.36,0.2,0,gps,,,,,,,,,,,,,
20170920,14607,10818,150.6637350,-34.0214000,77.54,100.34,0.1,0,gps,,,,,,,,,,,,,
20170920,14608,10818,150.6637350,-34.0214000,77.51,100.31,0,0,gps,,,,,,,,,,,,,
20170920,14609,10818,150.6637350,-34.0214017,77.53,100.33,0.4,0,gps,,,,,,,,,,,,,
20170920,14610,10818,150.6637350,-34.0214017,77.53,100.33,0.2,0,gps,,,,,,,,,,,,,
20170920,14611,10818,150.6637350,-34.0214017,77.5,100.3,0.1,0,gps,,,,,,,,,,,,,
20170920,14612,10818,150.6637350,-34.0214033,77.46,100.26,0.4,0,gps,,,,,,,,,,,,,
20170920,14613,10818,150.6637350,-34.0214033,77.46,100.26,0.2,0,gps,,,,,,,,,,,,,
20170920,14614,10818,150.6637333,-34.0214033,77.03,99.83,0.3,0,gps,,,,,,,,,,,,,
20170920,14615,10818,150.6637333,-34.0214033,77.08,99.88,0.1,0,gps,,,,,,,,,,,,,
20170920,14616,10818,150.6637333,-34.0214050,77.07,99.87,0.4,0,gps,,,,,,,,,,,,,
20170920,14617,10818,150.6637317,-34.0214050,77.05,99.85,0.4,0,gps,,,,,,,,,,,,,
20170920,14618,10818,150.6637183,-34.0214050,75.59,98.39,2.4,0,gps,,,,,,,,,,,,,
20170920,14619,10818,150.6637167,-34.0214033,74.89,97.69,1.5,0,gps,,,,,,,,,,,,,
20170920,14620,10818,150.6637167,-34.0214050,74.93,97.73,0.8,0,gps,,,,,,,,,,,,,
20170920,14621,10818,150.6637167,-34.0214050,74.97,97.77,0.4,0,gps,,,,,,,,,,,,,
20170920,14622,10818,150.6637167,-34.0214050,75,97.8,0.2,0,gps,,,,,,,,,,,,,
20170920,14623,10818,150.6637167,-34.0214050,74.97,97.77,0.1,0,gps,,,,,,,,,,,,,
20170920,14624,10818,150.6637167,-34.0214067,75.04,97.84,0.3,0,gps,,,,,,,,,,,,,
20170920,14625,10818,150.6637167,-34.0214067,75.15,97.95,0.2,0,gps,,,,,,,,,,,,,
20170920,14626,10818,150.6637183,-34.0214083,75.21,98.01,0.5,0,gps,,,,,,,,,,,,,
20170920,14627,10818,150.6637183,-34.0214083,75.26,98.06,0.2,0,gps,,,,,,,,,,,,,
20170920,14628,10818,150.6637183,-34.0214100,75.32,98.12,0.4,0,gps,,,,,,,,,,,,,
20170920,14629,10818,150.6637200,-34.0214100,75.38,98.18,0.4,0,gps,,,,,,,,,,,,,
20170920,14630,10818,150.6637200,-34.0214100,75.43,98.23,0.2,0,gps,,,,,,,,,,,,,
20170920,14631,10818,150.6637217,-34.0214117,75.49,98.29,0.5,0,gps,,,,,,,,,,,,,
20170920,14632,10818,150.6637067,-34.0213883,73.36,96.16,5,0,gps,,,,,,,,,,,,,
20170920,14633,10818,150.6637067,-34.0213883,73.4,96.2,2.5,0,gps,,,,,,,,,,,,,
20170920,14634,10818,150.6637067,-34.0213883,73.46,96.26,1.3,0,gps,,,,,,,,,,,,,
20170920,14635,10818,150.6637083,-34.0213900,73.51,96.31,0.2,0,gps,,,,,,,,,,,,,
20170920,14636,10818,150.6637083,-34.0213900,73.52,96.32,0.1,0,gps,,,,,,,,,,,,,
20170920,14637,10818,150.6637083,-34.0213900,73.6,96.4,0.1,0,gps,,,,,,,,,,,,,
20170920,14638,10818,150.6637083,-34.0213900,73.63,96.43,0,0,gps,,,,,,,,,,,,,
20170920,14639,10818,150.6637100,-34.0213900,73.7,96.5,0.3,0,gps,,,,,,,,,,,,,
20170920,14640,10818,150.6637100,-34.0213900,73.74,96.54,0.1,0,gps,,,,,,,,,,,,,
20170920,14641,10913,150.6636833,-34.0213667,69.51,92.31,6.4,0,gps,,,,,,,,,,,,,
20170920,14642,10913,150.6636817,-34.0213650,69.38,92.18,3.6,0,gps,,,,,,,,,,,,,
20170920,14643,10913,150.6636817,-34.0213650,69.24,92.04,1.8,0,gps,,,,,,,,,,,,,
20170920,14644,10913,150.6636817,-34.0213633,69,91.8,1.2,0,gps,,,,,,,,,,,,,
20170920,14645,10913,150.6636817,-34.0213633,68.94,91.74,0.6,0,gps,,,,,,,,,,,,,
20170920,14646,10818,150.6637133,-34.0213933,74.09,96.89,7.7,0,gps,,,,,,,,,,,,,
20170920,14647,10818,150.6637150,-34.0213933,74.11,96.91,4,0,gps,,,,,,,,,,,,,
20170920,14648,10818,150.6637150,-34.0213933,74.14,96.94,2,0,gps,,,,,,,,,,,,,
20170920,14649,10818,150.6637150,-34.0213933,74.22,97.02,1,0,gps,,,,,,,,,,,,,
20170920,14650,10818,150.6637167,-34.0213933,74.26,97.06,0.7,0,gps,,,,,,,,,,,,,
20170920,14651,10818,150.6637167,-34.0213933,74.27,97.07,0.4,0,gps,,,,,,,,,,,,,
20170920,14652,10818,150.6637167,-34.0213933,74.33,97.13,0.2,0,gps,,,,,,,,,,,,,
20170920,14653,10818,150.6637167,-34.0213933,74.37,97.17,0.1,0,gps,,,,,,,,,,,,,
20170920,14654,10818,150.6637167,-34.0213917,74.37,97.17,0.3,0,gps,,,,,,,,,,,,,
20170920,14655,10818,150.6637167,-34.0213917,74.35,97.15,0.2,0,gps,,,,,,,,,,,,,
20170920,14656,10818,150.6637167,-34.0213917,74.31,97.11,0.1,0,gps,,,,,,,,,,,,,
20170920,14657,10818,150.6637150,-34.0213900,74.28,97.08,0.5,0,gps,,,,,,,,,,,,,
20170920,14658,10818,150.6637150,-34.0213900,74.28,97.08,0.2,0,gps,,,,,,,,,,,,,
20170920,14659,10818,150.6637150,-34.0213883,74.26,97.06,0.4,0,gps,,,,,,,,,,,,,
20170920,14700,10818,150.6637150,-34.0213883,74.22,97.02,0.2,0,gps,,,,,,,,,,,,,
20170920,14701,10913,150.6637083,-34.0213783,74.24,97.04,2.4,0,gps,,,,,,,,,,,,,
20170920,14702,10913,150.6637083,-34.0213783,74.19,96.99,1.2,0,gps,,,,,,,,,,,,,
20170920,14703,10913,150.6637083,-34.0213767,74.15,96.95,0.9,0,gps,,,,,,,,,,,,,
20170920,14704,10913,150.6637083,-34.0213767,74.11,96.91,0.5,0,gps,,,,,,,,,,,,,
20170920,14705,10913,150.6637083,-34.0213750,74.08,96.88,0.6,0,gps,,,,,,,,,,,,,
20170920,14706,10913,150.6637083,-34.0213750,74.02,96.82,0.3,0,gps,,,,,,,,,,,,,
20170920,14707,10913,150.6637083,-34.0213733,73.95,96.75,0.5,0,gps,,,,,,,,,,,,,
20170920,14708,10913,150.6637067,-34.0213733,73.83,96.63,0.4,0,gps,,,,,,,,,,,,,
20170920,14709,10913,150.6637067,-34.0213717,73.72,96.52,0.5,0,gps,,,,,,,,,,,,,
20170920,14710,10913,150.6637067,-34.0213717,73.6,96.4,0.2,0,gps,,,,,,,,,,,,,
20170920,14711,10913,150.6637067,-34.0213700,73.46,96.26,0.4,0,gps,,,,,,,,,,,,,
20170920,14712,10913,150.6637067,-34.0213700,73.37,96.17,0.2,0,gps,,,,,,,,,,,,,
20170920,14713,11011,150.6637033,-34.0213683,72.93,95.73,0.7,0,gps,,,,,,,,,,,,,
20170920,14714,11011,150.6637300,-34.0213883,77.61,100.41,5.6,0,gps,,,,,,,,,,,,,
20170920,14715,11011,150.6637217,-34.0213817,76.12,98.92,0.9,0,gps,,,,,,,,,,,,,
20170920,14716,11011,150.6637217,-34.0213817,76.28,99.08,0.4,0,gps,,,,,,,,,,,,,
20170920,14717,11011,150.6637150,-34.0213750,75.05,97.85,1.5,0,gps,,,,,,,,,,,,,
20170920,14718,11011,150.6637017,-34.0213650,72.67,95.47,3.7,0,gps,,,,,,,,,,,,,
20170920,14719,11011,150.6636917,-34.0213567,70.77,93.57,4.2,0,gps,,,,,,,,,,,,,
20170920,14720,11011,150.6636883,-34.0213550,69.85,92.65,2.7,0,gps,,,,,,,,,,,,,
20170920,14721,11011,150.6636833,-34.0213500,68.66,91.46,2.7,0,gps,,,,,,,,,,,,,
20170920,14722,11011,150.6636883,-34.0213533,69.62,92.42,0.3,0,gps,,,,,,,,,,,,,
20170920,14723,11011,150.6636900,-34.0213567,70.16,92.96,0.6,0,gps,,,,,,,,,,,,,
20170920,14724,11011,150.6636933,-34.0213583,70.55,93.35,0.9,0,gps,,,,,,,,,,,,,
20170920,14725,11011,150.6636967,-34.0213617,71.21,94.01,1.3,0,gps,,,,,,,,,,,,,
20170920,14726,11011,150.6636967,-34.0213617,71.37,94.17,0.7,0,gps,,,,,,,,,,,,,
20170920,14727,11011,150.6636983,-34.0213633,71.52,94.32,0.8,0,gps,,,,,,,,,,,,,
20170920,14728,11011,150.6636967,-34.0213617,71.37,94.17,0.1,0,gps,,,,,,,,,,,,,
20170920,14729,11011,150.6636983,-34.0213633,71.66,94.46,0.4,0,gps,,,,,,,,,,,,,
20170920,14730,11011,150.6637000,-34.0213650,72.07,94.87,0.6,0,gps,,,,,,,,,,,,,
20170920,14731,11011,150.6637017,-34.0213650,72.19,94.99,0.5,0,gps,,,,,,,,,,,,,
20170920,14732,11011,150.6637017,-34.0213650,72.26,95.06,0.3,0,gps,,,,,,,,,,,,,
20170920,14733,11011,150.6637033,-34.0213567,73.59,96.39,1.7,0,gps,,,,,,,,,,,,,
20170920,14734,11011,150.6637033,-34.0213550,73.31,96.11,1.2,0,gps,,,,,,,,,,,,,
20170920,14735,11011,150.6637017,-34.0213533,73.07,95.87,0.9,0,gps,,,,,,,,,,,,,
20170920,14736,11011,150.6637033,-34.0213550,73.27,96.07,0.2,0,gps,,,,,,,,,,,,,
20170920,14737,11011,150.6637033,-34.0213550,73.38,96.18,0.1,0,gps,,,,,,,,,,,,,
20170920,14738,11011,150.6637050,-34.0213550,73.45,96.25,0.3,0,gps,,,,,,,,,,,,,
20170920,14739,11011,150.6637033,-34.0213550,73.25,96.05,0.1,0,gps,,,,,,,,,,,,,
20170920,14740,11011,150.6637050,-34.0213550,73.35,96.15,0.2,0,gps,,,,,,,,,,,,,
20170920,14741,11011,150.6637067,-34.0213567,73.56,96.36,0.5,0,gps,,,,,,,,,,,,,
20170920,14742,11011,150.6637083,-34.0213583,73.73,96.53,0.7,0,gps,,,,,,,,,,,,,
20170920,15151,10740,150.6636467,-34.0212683,74.04,96.84,2,0,gps,,,,,,,,,,,,,
20170920,15152,10740,150.6636367,-34.0212667,65.75,88.55,2.4,0,gps,,,,,,,,,,,,,
20170920,15153,10740,150.6636350,-34.0212650,65.53,88.33,1.6,0,gps,,,,,,,,,,,,,
20170920,15154,10740,150.6636383,-34.0212683,65.62,88.42,0.2,0,gps,,,,,,,,,,,,,
20170920,15155,10740,150.6636383,-34.0212700,65.6,88.4,0.4,0,gps,,,,,,,,,,,,,
20170920,15156,10740,150.6636383,-34.0212700,65.43,88.23,0.2,0,gps,,,,,,,,,,,,,
20170920,15157,10740,150.6636367,-34.0212683,65.28,88.08,0.4,0,gps,,,,,,,,,,,,,
20170920,15158,10740,150.6636367,-34.0212700,65.06,87.86,0.3,0,gps,,,,,,,,,,,,,
20170920,15159,10740,150.6636350,-34.0212667,65.07,87.87,0.7,0,gps,,,,,,,,,,,,,
20170920,15200,10740,150.6636350,-34.0212667,64.86,87.66,0.3,0,gps,,,,,,,,,,,,,
20170920,15201,10740,150.6636467,-34.0212633,64.71,87.51,2,0,gps,,,,,,,,,,,,,
20170920,15202,10740,150.6636467,-34.0212617,64.73,87.53,1.2,0,gps,,,,,,,,,,,,,
20170920,15203,10740,150.6636467,-34.0212633,64.79,87.59,0.5,0,gps,,,,,,,,,,,,,
20170920,15204,10915,150.6637417,-34.0213317,75.87,98.67,21,0,gps,,,,,,,,,,,,,
20170920,15205,10915,150.6637200,-34.0213233,71.28,94.08,6.8,0,gps,,,,,,,,,,,,,
20170920,15206,10915,150.6637050,-34.0213183,67.53,90.33,1.6,0,gps,,,,,,,,,,,,,
20170920,15207,10915,150.6637150,-34.0213217,69.64,92.44,2.1,0,gps,,,,,,,,,,,,,
20170920,15208,10915,150.6637233,-34.0213267,70.7,93.5,2.8,0,gps,,,,,,,,,,,,,
20170920,15209,10915,150.6637317,-34.0213350,71.14,93.94,3.5,0,gps,,,,,,,,,,,,,
20170920,15210,10915,150.6637283,-34.0213350,70.83,93.63,1.4,0,gps,,,,,,,,,,,,,
20170920,15211,10915,150.6637300,-34.0213333,71.66,94.46,0.7,0,gps,,,,,,,,,,,,,
20170920,15212,10915,150.6637350,-34.0213383,72.12,94.92,1.6,0,gps,,,,,,,,,,,,,
20170920,15213,10820,150.6636833,-34.0213100,63.22,86.02,9.5,0,gps,,,,,,,,,,,,,
20170920,15214,10820,150.6636850,-34.0213133,63.14,85.94,4.2,0,gps,,,,,,,,,,,,,
20170920,15215,10820,150.6636850,-34.0213150,63.01,85.81,2,0,gps,,,,,,,,,,,,,
20170920,15216,10820,150.6636850,-34.0213150,62.94,85.74,1,0,gps,,,,,,,,,,,,,
20170920,15217,10820,150.6636850,-34.0213133,62.99,85.79,0.7,0,gps,,,,,,,,,,,,,
20170920,15218,10917,150.6636833,-34.0213150,62.75,85.55,0.5,0,gps,,,,,,,,,,,,,
20170920,15219,10917,150.6636817,-34.0213100,62.87,85.67,1.1,0,gps,,,,,,,,,,,,,
20170920,15220,10917,150.6636800,-34.0213083,62.84,85.64,1,0,gps,,,,,,,,,,,,,
20170920,15221,10917,150.6636817,-34.0213083,62.66,85.46,0.4,0,gps,,,,,,,,,,,,,
20170920,15222,10917,150.6636800,-34.0213083,62.53,85.33,0.3,0,gps,,,,,,,,,,,,,
20170920,15223,10917,150.6636817,-34.0213117,62.4,85.2,0.6,0,gps,,,,,,,,,,,,,
20170920,15224,10917,150.6636817,-34.0213117,62.29,85.09,0.3,0,gps,,,,,,,,,,,,,
20170920,15225,11013,150.6636767,-34.0213100,61.9,84.7,0.8,0,gps,,,,,,,,,,,,,
20170920,15226,11013,150.6636667,-34.0213000,61.19,83.99,2.9,0,gps,,,,,,,,,,,,,
20170920,15227,11013,150.6636583,-34.0212933,60.57,83.37,3.4,0,gps,,,,,,,,,,,,,
20170920,15228,11013,150.6636717,-34.0213050,61.38,84.18,1.5,0,gps,,,,,,,,,,,,,
20170920,15229,11013,150.6636783,-34.0213133,61.84,84.64,2.8,0,gps,,,,,,,,,,,,,
20170920,15230,11108,150.6636967,-34.0213267,65.62,88.42,5.4,0,gps,,,,,,,,,,,,,
20170920,15231,11013,150.6636717,-34.0213083,61.47,84.27,2.8,0,gps,,,,,,,,,,,,,
20170920,15232,11013,150.6636733,-34.0213083,61.52,84.32,1.2,0,gps,,,,,,,,,,,,,
20170920,15233,11013,150.6636700,-34.0213067,61.41,84.21,1.2,0,gps,,,,,,,,,,,,,
20170920,15234,11013,150.6636683,-34.0213033,61.22,84.02,1.3,0,gps,,,,,,,,,,,,,
20170920,15235,11112,150.6636700,-34.0213067,61.59,84.39,0.2,0,gps,,,,,,,,,,,,,
20170920,15236,11112,150.6636700,-34.0213067,61.56,84.36,0.1,0,gps,,,,,,,,,,,,,
20170920,15237,11112,150.6636667,-34.0213033,61.09,83.89,0.9,0,gps,,,,,,,,,,,,,
20170920,15238,11112,150.6636650,-34.0213017,60.9,83.7,0.9,0,gps,,,,,,,,,,,,,
20170920,15239,11112,150.6636700,-34.0213083,61.62,84.42,1.1,0,gps,,,,,,,,,,,,,
20170920,15240,11112,150.6636700,-34.0213067,61.4,84.2,0.3,0,gps,,,,,,,,,,,,,
20170920,15241,11112,150.6636700,-34.0213083,61.68,84.48,0.4,0,gps,,,,,,,,,,,,,
20170920,15242,11013,150.6636733,-34.0213100,62,84.8,0.8,0,gps,,,,,,,,,,,,,
20170920,15243,11013,150.6636733,-34.0213100,62.04,84.84,0.4,0,gps,,,,,,,,,,,,,
20170920,15244,11013,150.6636750,-34.0213117,62.11,84.91,0.6,0,gps,,,,,,,,,,,,,
20170920,15245,11110,150.6636950,-34.0213217,65.61,88.41,4.2,0,gps,,,,,,,,,,,,,
20170920,15246,11110,150.6637133,-34.0213317,68.89,91.69,5.7,0,gps,,,,,,,,,,,,,
20170920,15247,11110,150.6637033,-34.0213267,67.18,89.98,0.9,0,gps,,,,,,,,,,,,,
20170920,15248,11110,150.6637050,-34.0213267,67.4,90.2,0.7,0,gps,,,,,,,,,,,,,
20170920,15249,11110,150.6637217,-34.0213367,70.32,93.12,3.8,0,gps,,,,,,,,,,,,,
20170920,15250,11013,150.6636817,-34.0213167,63.01,85.81,5.9,0,gps,,,,,,,,,,,,,
20170920,15251,11013,150.6636833,-34.0213167,63.17,85.97,2.7,0,gps,,,,,,,,,,,,,
20170920,15252,11013,150.6636833,-34.0213167,63.19,85.99,1.4,0,gps,,,,,,,,,,,,,
20170920,15253,11013,150.6636833,-34.0213167,63.27,86.07,0.7,0,gps,,,,,,,,,,,,,
20170920,15254,11013,150.6636833,-34.0213167,63.23,86.03,0.3,0,gps,,,,,,,,,,,,,
20170920,15255,11013,150.6636833,-34.0213167,63.29,86.09,0.2,0,gps,,,,,,,,,,,,,
20170920,15256,11013,150.6636833,-34.0213167,63.28,86.08,0.1,0,gps,,,,,,,,,,,,,
20170920,15257,11013,150.6636833,-34.0213183,63.4,86.2,0.3,0,gps,,,,,,,,,,,,,
20170920,15258,11013,150.6636850,-34.0213183,63.6,86.4,0.3,0,gps,,,,,,,,,,,,,
20170920,15259,11013,150.6636867,-34.0213183,63.71,86.51,0.4,0,gps,,,,,,,,,,,,,
20170920,15300,11013,150.6636883,-34.0213200,63.91,86.71,0.6,0,gps,,,,,,,,,,,,,
20170920,15301,11110,150.6637283,-34.0213400,70.96,93.76,8.1,0,gps,,,,,,,,,,,,,
20170920,15302,11110,150.6637050,-34.0213283,66.74,89.54,0.5,0,gps,,,,,,,,,,,,,
20170920,15303,11208,150.6637017,-34.0213300,66.41,89.21,0.8,0,gps,,,,,,,,,,,,,
20170920,15304,11208,150.6637200,-34.0213333,69.05,91.85,2.8,0,gps,,,,,,,,,,,,,
20170920,15305,11208,150.6637133,-34.0213350,68.09,90.89,0.8,0,gps,,,,,,,,,,,,,
20170920,15306,11110,150.6637200,-34.0213467,68.85,91.65,3,0,gps,,,,,,,,,,,,,
20170920,15307,11110,150.6637200,-34.0213467,69.06,91.86,1.5,0,gps,,,,,,,,,,,,,
20170920,15308,11110,150.6637200,-34.0213383,68.43,91.23,1,0,gps,,,,,,,,,,,,,
20170920,15309,11110,150.6637183,-34.0213400,68.58,91.38,0.2,0,gps,,,,,,,,,,,,,
20170920,15310,11110,150.6637167,-34.0213400,68.22,91.02,0.3,0,gps,,,,,,,,,,,,,
20170920,15311,11208,150.6637167,-34.0213383,69.1,91.9,0.4,0,gps,,,,,,,,,,,,,
20170920,15312,11208,150.6637217,-34.0213433,68.47,91.27,1.1,0,gps,,,,,,,,,,,,,
20170920,15313,11110,150.6637217,-34.0213433,69.33,92.13,0.6,0,gps,,,,,,,,,,,,,
20170920,15314,11010,150.6637217,-34.0213450,69.69,92.49,0.6,0,gps,,,,,,,,,,,,,
20170920,15315,11010,150.6637233,-34.0213450,69.68,92.48,0.5,0,gps,,,,,,,,,,,,,
20170920,15316,11108,150.6637217,-34.0213467,69.62,92.42,0.5,0,gps,,,,,,,,,,,,,
20170920,15317,11108,150.6637283,-34.0213583,68.61,91.41,2.8,0,gps,,,,,,,,,,,,,
20170920,15318,11208,150.6637267,-34.0213500,69.65,92.45,0.5,0,gps,,,,,,,,,,,,,
20170920,15319,11208,150.6637300,-34.0213583,68.9,91.7,1.6,0,gps,,,,,,,,,,,,,
20170920,15320,11308,150.6637300,-34.0213550,69.52,92.32,0.3,0,gps,,,,,,,,,,,,,
20170920,15321,11308,150.6637317,-34.0213533,69.97,92.77,0.5,0,gps,,,,,,,,,,,,,
20170920,15322,11308,150.6637300,-34.0213550,69.99,92.79,0.2,0,gps,,,,,,,,,,,,,
20170920,15323,11208,150.6637267,-34.0213433,71.45,94.25,2.3,0,gps,,,,,,,,,,,,,
20170920,15324,11208,150.6637283,-34.0213433,71.28,94.08,1.1,0,gps,,,,,,,,,,,,,
20170920,15325,11208,150.6637300,-34.0213433,71.67,94.47,0.6,0,gps,,,,,,,,,,,,,
20170920,15326,11208,150.6637333,-34.0213467,71.91,94.71,0.8,0,gps,,,,,,,,,,,,,
20170920,15327,11208,150.6637350,-34.0213483,71.82,94.62,0.8,0,gps,,,,,,,,,,,,,
20170920,15328,11208,150.6637367,-34.0213467,72.11,94.91,0.6,0,gps,,,,,,,,,,,,,
20170920,15329,11208,150.6637367,-34.0213483,72.01,94.81,0.4,0,gps,,,,,,,,,,,,,
20170920,15330,10820,150.6637283,-34.0213733,66.9,89.7,5.3,0,gps,,,,,,,,,,,,,
20170920,15331,10820,150.6637300,-34.0213750,66.96,89.76,2.9,0,gps,,,,,,,,,,,,,
20170920,15332,10820,150.6637300,-34.0213750,67.01,89.81,1.5,0,gps,,,,,,,,,,,,,
20170920,15333,10820,150.6637300,-34.0213767,66.86,89.66,1.1,0,gps,,,,,,,,,,,,,
20170920,15334,10820,150.6637300,-34.0213750,66.98,89.78,0.2,0,gps,,,,,,,,,,,,,
20170920,15335,10820,150.6637317,-34.0213750,67.1,89.9,0.3,0,gps,,,,,,,,,,,,,
20170920,15336,10820,150.6637317,-34.0213750,67.17,89.97,0.1,0,gps,,,,,,,,,,,,,
20170920,15337,10820,150.6637317,-34.0213750,67.31,90.11,0.1,0,gps,,,,,,,,,,,,,
20170920,15338,10820,150.6637317,-34.0213750,67.39,90.19,0,0,gps,,,,,,,,,,,,,
20170920,15339,10820,150.6637317,-34.0213750,67.37,90.17,0,0,gps,,,,,,,,,,,,,
20170920,15340,10820,150.6637317,-34.0213750,67.32,90.12,0,0,gps,,,,,,,,,,,,,
20170920,15341,10820,150.6637333,-34.0213750,67.37,90.17,0.3,0,gps,,,,,,,,,,,,,
20170920,15342,10820,150.6637333,-34.0213733,67.42,90.22,0.4,0,gps,,,,,,,,,,,,,
20170920,15343,10820,150.6637333,-34.0213733,67.41,90.21,0.2,0,gps,,,,,,,,,,,,,
20170920,15344,10820,150.6637333,-34.0213733,67.45,90.25,0.1,0,gps,,,,,,,,,,,,,
20170920,15345,10820,150.6637333,-34.0213733,67.48,90.28,0,0,gps,,,,,,,,,,,,,
20170920,15346,10820,150.6637333,-34.0213733,67.49,90.29,0,0,gps,,,,,,,,,,,,,
20170920,15347,10820,150.6637333,-34.0213733,67.52,90.32,0,0,gps,,,,,,,,,,,,,
20170920,15348,10820,150.6637350,-34.0213733,67.55,90.35,0.3,0,gps,,,,,,,,,,,,,
20170920,15349,10917,150.6637283,-34.0213533,68.34,91.14,4.1,0,gps,,,,,,,,,,,,,
20170920,15350,10917,150.6637283,-34.0213533,68.33,91.13,2.1,0,gps,,,,,,,,,,,,,
20170920,15351,10917,150.6637300,-34.0213533,68.36,91.16,1,0,gps,,,,,,,,,,,,,
20170920,15352,10917,150.6637300,-34.0213533,68.4,91.2,0.5,0,gps,,,,,,,,,,,,,
20170920,15353,10917,150.6637317,-34.0213533,68.47,91.27,0.4,0,gps,,,,,,,,,,,,,
20170920,15354,10917,150.6637317,-34.0213533,68.52,91.32,0.2,0,gps,,,,,,,,,,,,,
20170920,15355,10917,150.6637317,-34.0213533,68.55,91.35,0.1,0,gps,,,,,,,,,,,,,
20170920,15356,10917,150.6637317,-34.0213533,68.55,91.35,0,0,gps,,,,,,,,,,,,,
20170920,15357,10917,150.6637317,-34.0213533,68.59,91.39,0,0,gps,,,,,,,,,,,,,
20170920,15358,10917,150.6637317,-34.0213533,68.61,91.41,0,0,gps,,,,,,,,,,,,,
20170920,15359,10917,150.6637333,-34.0213550,68.66,91.46,0.4,0,gps,,,,,,,,,,,,,
20170920,15400,10917,150.6637333,-34.0213550,68.64,91.44,0.2,0,gps,,,,,,,,,,,,,
20170920,15401,10917,150.6637317,-34.0213533,68.66,91.46,0.3,0,gps,,,,,,,,,,,,,
20170920,15402,10917,150.6637317,-34.0213533,68.63,91.43,0.2,0,gps,,,,,,,,,,,,,
20170920,15403,10917,150.6637317,-34.0213533,68.55,91.35,0.1,0,gps,,,,,,,,,,,,,
20170920,15404,10917,150.6637317,-34.0213550,68.49,91.29,0.3,0,gps,,,,,,,,,,,,,
20170920,15405,10917,150.6637317,-34.0213550,68.41,91.21,0.2,0,gps,,,,,,,,,,,,,
20170920,15406,10917,150.6637317,-34.0213550,68.34,91.14,0.1,0,gps,,,,,,,,,,,,,
20170920,15407,10820,150.6637283,-34.0213533,67.84,90.64,0.6,0,gps,,,,,,,,,,,,,
20170920,15408,10917,150.6637300,-34.0213533,68.1,90.9,0.1,0,gps,,,,,,,,,,,,,
20170920,15409,10917,150.6637300,-34.0213533,68.08,90.88,0.1,0,gps,,,,,,,,,,,,,
20170920,15410,10917,150.6637300,-34.0213550,67.98,90.78,0.3,0,gps,,,,,,,,,,,,,
20170920,15411,10917,150.6637300,-34.0213550,67.95,90.75,0.1,0,gps,,,,,,,,,,,,,
20170920,15412,10820,150.6637350,-34.0213733,67.22,90.02,3.8,0,gps,,,,,,,,,,,,,
20170920,15413,10917,150.6637267,-34.0213550,67.4,90.2,2,0,gps,,,,,,,,,,,,,
20170920,15414,10820,150.6637250,-34.0213533,67.13,89.93,1.4,0,gps,,,,,,,,,,,,,
20170920,15415,10917,150.6637283,-34.0213567,67.95,90.75,0.2,0,gps,,,,,,,,,,,,,
20170920,15416,10917,150.6637283,-34.0213567,67.9,90.7,0.1,0,gps,,,,,,,,,,,,,
20170920,15417,10917,150.6637283,-34.0213567,67.86,90.66,0,0,gps,,,,,,,,,,,,,
20170920,15418,10820,150.6637333,-34.0213717,66.64,89.44,3.1,0,gps,,,,,,,,,,,,,
20170920,15419,10820,150.6637333,-34.0213717,66.63,89.43,1.6,0,gps,,,,,,,,,,,,,
20170920,15420,10820,150.6637333,-34.0213717,66.57,89.37,0.8,0,gps,,,,,,,,,,,,,
20170920,15421,10820,150.6637333,-34.0213717,66.54,89.34,0.4,0,gps,,,,,,,,,,,,,
20170920,15422,10820,150.6637333,-34.0213717,66.46,89.26,0.2,0,gps,,,,,,,,,,,,,
20170920,15423,10820,150.6637317,-34.0213717,66.31,89.11,0.3,0,gps,,,,,,,,,,,,,
20170920,15424,10820,150.6637317,-34.0213717,66.28,89.08,0.1,0,gps,,,,,,,,,,,,,
20170920,15425,10820,150.6637317,-34.0213717,66.15,88.95,0.1,0,gps,,,,,,,,,,,,,
20170920,15426,10820,150.6637317,-34.0213733,66.09,88.89,0.3,0,gps,,,,,,,,,,,,,
20170920,15427,10820,150.6637317,-34.0213717,66.02,88.82,0.2,0,gps,,,,,,,,,,,,,
20170920,15428,10820,150.6637317,-34.0213717,65.98,88.78,0.1,0,gps,,,,,,,,,,,,,
20170920,15429,10820,150.6637317,-34.0213717,65.9,88.7,0,0,gps,,,,,,,,,,,,,
20170920,15430,10820,150.6637317,-34.0213717,65.83,88.63,0,0,gps,,,,,,,,,,,,,
20170920,15431,10820,150.6637283,-34.0213700,65.78,88.58,0.7,0,gps,,,,,,,,,,,,,
20170920,15432,10820,150.6637283,-34.0213700,65.67,88.47,0.3,0,gps,,,,,,,,,,,,,
20170920,15433,10820,150.6637283,-34.0213683,65.6,88.4,0.4,0,gps,,,,,,,,,,,,,
20170920,15434,10820,150.6637267,-34.0213683,65.53,88.33,0.4,0,gps,,,,,,,,,,,,,
20170920,15435,10820,150.6637267,-34.0213683,65.45,88.25,0.2,0,gps,,,,,,,,,,,,,
20170920,15436,10820,150.6637267,-34.0213683,65.34,88.14,0.1,0,gps,,,,,,,,,,,,,
20170920,15437,10820,150.6637267,-34.0213683,65.29,88.09,0.1,0,gps,,,,,,,,,,,,,
20170920,15438,10820,150.6637250,-34.0213683,65.21,88.01,0.3,0,gps,,,,,,,,,,,,,
20170920,15439,10820,150.6637250,-34.0213683,65.12,87.92,0.1,0,gps,,,,,,,,,,,,,
20170920,15440,10820,150.6637250,-34.0213667,65.08,87.88,0.3,0,gps,,,,,,,,,,,,,
20170920,15441,10820,150.6637250,-34.0213667,65.01,87.81,0.2,0,gps,,,,,,,,,,,,,
20170920,15442,10820,150.6637250,-34.0213667,64.98,87.78,0.1,0,gps,,,,,,,,,,,,,
20170920,15443,10820,150.6637250,-34.0213667,64.94,87.74,0,0,gps,,,,,,,,,,,,,
20170920,15444,10820,150.6637233,-34.0213667,64.78,87.58,0.3,0,gps,,,,,,,,,,,,,
20170920,15445,10820,150.6637233,-34.0213650,64.67,87.47,0.4,0,gps,,,,,,,,,,,,,
20170920,15446,10820,150.6637233,-34.0213650,64.71,87.51,0.2,0,gps,,,,,,,,,,,,,
20170920,15447,10820,150.6637233,-34.0213650,64.66,87.46,0.1,0,gps,,,,,,,,,,,,,
20170920,15448,10820,150.6637233,-34.0213650,64.59,87.39,0,0,gps,,,,,,,,,,,,,
20170920,15449,10820,150.6637233,-34.0213650,64.55,87.35,0,0,gps,,,,,,,,,,,,,
20170920,15450,10820,150.6637217,-34.0213633,64.45,87.25,0.4,0,gps,,,,,,,,,,,,,
20170920,15451,10820,150.6637217,-34.0213633,64.42,87.22,0.2,0,gps,,,,,,,,,,,,,
20170920,15452,10820,150.6637217,-34.0213617,64.38,87.18,0.4,0,gps,,,,,,,,,,,,,
20170920,15453,10820,150.6637217,-34.0213617,64.3,87.1,0.2,0,gps,,,,,,,,,,,,,
20170920,15454,10820,150.6637217,-34.0213617,64.28,87.08,0.1,0,gps,,,,,,,,,,,,,
20170920,15455,10820,150.6637200,-34.0213600,64.27,87.07,0.5,0,gps,,,,,,,,,,,,,
20170920,15456,10820,150.6637200,-34.0213600,64.2,87,0.2,0,gps,,,,,,,,,,,,,
20170920,15457,10820,150.6637200,-34.0213600,64.16,86.96,0.1,0,gps,,,,,,,,,,,,,
20170920,15458,10820,150.6637200,-34.0213583,64.1,86.9,0.4,0,gps,,,,,,,,,,,,,
20170920,15459,10820,150.6637200,-34.0213583,64.11,86.91,0.2,0,gps,,,,,,,,,,,,,
20170920,15500,10820,150.6637200,-34.0213583,64.12,86.92,0.1,0,gps,,,,,,,,,,,,,
20170920,15501,10820,150.6637183,-34.0213567,64.14,86.94,0.5,0,gps,,,,,,,,,,,,,
20170920,15502,10820,150.6637183,-34.0213567,64.08,86.88,0.2,0,gps,,,,,,,,,,,,,
20170920,15503,10820,150.6637183,-34.0213567,64.09,86.89,0.1,0,gps,,,,,,,,,,,,,
20170920,15504,10820,150.6637183,-34.0213567,64.12,86.92,0.1,0,gps,,,,,,,,,,,,,
20170920,15505,10820,150.6637183,-34.0213567,64.12,86.92,0,0,gps,,,,,,,,,,,,,
20170920,15506,10820,150.6637183,-34.0213550,64.16,86.96,0.3,0,gps,,,,,,,,,,,,,
20170920,15507,10820,150.6637183,-34.0213550,64.13,86.93,0.2,0,gps,,,,,,,,,,,,,
20170920,15508,10820,150.6637183,-34.0213550,64.11,86.91,0.1,0,gps,,,,,,,,,,,,,
20170920,15509,10820,150.6637183,-34.0213550,64.13,86.93,0,0,gps,,,,,,,,,,,,,
20170920,15510,10820,150.6637200,-34.0213567,64.27,87.07,0.4,0,gps,,,,,,,,,,,,,
20170920,15511,10820,150.6637200,-34.0213567,64.25,87.05,0.2,0,gps,,,,,,,,,,,,,
20170920,15512,10820,150.6637183,-34.0213550,64.22,87.02,0.3,0,gps,,,,,,,,,,,,,
20170920,15513,10820,150.6637183,-34.0213550,64.18,86.98,0.2,0,gps,,,,,,,,,,,,,
20170920,15514,10820,150.6637167,-34.0213550,63.65,86.45,0.3,0,gps,,,,,,,,,,,,,
20170920,15515,10820,150.6637167,-34.0213550,63.65,86.45,0.2,0,gps,,,,,,,,,,,,,
20170920,15516,10820,150.6637150,-34.0213533,63.27,86.07,0.5,0,gps,,,,,,,,,,,,,
20170920,15517,10820,150.6637150,-34.0213533,63.29,86.09,0.3,0,gps,,,,,,,,,,,,,
20170920,15518,10820,150.6637150,-34.0213533,63.26,86.06,0.1,0,gps,,,,,,,,,,,,,
20170920,15519,10820,150.6637133,-34.0213500,62.51,85.31,0.8,0,gps,,,,,,,,,,,,,
20170920,15520,10820,150.6637133,-34.0213500,62.52,85.32,0.4,0,gps,,,,,,,,,,,,,
20170920,15521,10820,150.6637150,-34.0213500,62.57,85.37,0.3,0,gps,,,,,,,,,,,,,
20170920,15522,10820,150.6637183,-34.0213500,62.64,85.44,0.7,0,gps,,,,,,,,,,,,,
20170920,15523,10912,150.6637550,-34.0213550,71.18,93.98,6.5,0,gps,,,,,,,,,,,,,
20170920,15524,10544,150.6636550,-34.0212667,62.53,85.33,21.8,0,gps,,,,,,,,,,,,,
20170920,15526,10730,150.6637583,-34.0213367,65.32,88.12,2.5,0,gps,,,,,,,,,,,,,
20170920,15527,10668,150.6637917,-34.0213500,68.01,90.81,6.7,0,gps,,,,,,,,,,,,,
20170920,15528,10722,150.6637483,-34.0213533,61.43,84.23,4.3,0,gps,,,,,,,,,,,,,
20170920,15529,10917,150.6637467,-34.0213367,61.95,84.75,3.4,0,gps,,,,,,,,,,,,,
20170920,15530,10917,150.6637583,-34.0213417,63.38,86.18,0.9,0,gps,,,,,,,,,,,,,
20170920,15531,10917,150.6637683,-34.0213467,64.16,86.96,2.2,0,gps,,,,,,,,,,,,,
20170920,15532,10917,150.6637367,-34.0213433,60.69,83.49,4.2,0,gps,,,,,,,,,,,,,
20170920,15533,10917,150.6637533,-34.0213450,62.65,85.45,0.7,0,gps,,,,,,,,,,,,,
20170920,15534,10917,150.6637450,-34.0213483,61.21,84.01,1.3,0,gps,,,,,,,,,,,,,
20170920,15535,10917,150.6637467,-34.0213517,60.9,83.7,1.1,0,gps,,,,,,,,,,,,,
20170920,15536,10917,150.6637567,-34.0213550,62.08,84.88,1.9,0,gps,,,,,,,,,,,,,
20170920,15537,10917,150.6637667,-34.0213550,63.44,86.24,2.5,0,gps,,,,,,,,,,,,,
20170920,15538,10917,150.6637733,-34.0213567,64.16,86.96,2.4,0,gps,,,,,,,,,,,,,
20170920,15539,10917,150.6637783,-34.0213600,64.56,87.36,2.2,0,gps,,,,,,,,,,,,,
20170920,15540,10917,150.6637817,-34.0213617,64.78,87.58,1.8,0,gps,,,,,,,,,,,,,
20170920,15541,10917,150.6637783,-34.0213583,64.65,87.45,0.3,0,gps,,,,,,,,,,,,,
20170920,15542,10917,150.6637733,-34.0213600,63.93,86.73,0.7,0,gps,,,,,,,,,,,,,
20170920,15543,10917,150.6637650,-34.0213567,63.26,86.06,1.8,0,gps,,,,,,,,,,,,,
20170920,15544,10917,150.6637583,-34.0213583,62.47,85.27,2,0,gps,,,,,,,,,,,,,
20170920,15545,10917,150.6637500,-34.0213583,61.24,84.04,2.4,0,gps,,,,,,,,,,,,,
20170920,15546,10822,150.6638533,-34.0213717,72.86,95.66,16.2,0,gps,,,,,,,,,,,,,
20170920,15547,10822,150.6638617,-34.0213733,73.79,96.59,9.5,0,gps,,,,,,,,,,,,,
20170920,15548,10822,150.6638700,-34.0213767,74.29,97.09,6.3,0,gps,,,,,,,,,,,,,
20170920,15549,10822,150.6638750,-34.0213800,74.79,97.59,4.1,0,gps,,,,,,,,,,,,,
20170920,15550,10822,150.6638767,-34.0213817,74.95,97.75,2.4,0,gps,,,,,,,,,,,,,
20170920,15551,10822,150.6638833,-34.0213850,75.41,98.21,2.5,0,gps,,,,,,,,,,,,,
20170920,15552,10822,150.6638883,-34.0213867,75.66,98.46,2.1,0,gps,,,,,,,,,,,,,
20170920,15553,10822,150.6638850,-34.0213867,75.56,98.36,0.6,0,gps,,,,,,,,,,,,,
20170920,15554,10822,150.6638833,-34.0213850,75.31,98.11,0.1,0,gps,,,,,,,,,,,,,
20170920,15555,10822,150.6638883,-34.0213867,75.15,97.95,0.8,0,gps,,,,,,,,,,,,,
20170920,15556,10720,150.6637917,-34.0213417,58.91,81.71,18,0,gps,,,,,,,,,,,,,
20170920,15557,10720,150.6637617,-34.0213317,53.99,76.79,14.3,0,gps,,,,,,,,,,,,,
20170920,15558,10820,150.6638133,-34.0213817,64.95,87.75,7.1,0,gps,,,,,,,,,,,,,
20170920,15559,10820,150.6637983,-34.0213450,56.83,79.63,4.2,0,gps,,,,,,,,,,,,,
20170920,15600,10820,150.6638133,-34.0213683,61.97,84.77,3.2,0,gps,,,,,,,,,,,,,
20170920,15601,10820,150.6638050,-34.0213633,60.95,83.75,0.6,0,gps,,,,,,,,,,,,,
20170920,15602,10917,150.6638167,-34.0213783,64.46,87.26,3.6,0,gps,,,,,,,,,,,,,
20170920,15603,10917,150.6638067,-34.0213700,62.45,85.25,0.8,0,gps,,,,,,,,,,,,,
20170920,15604,10917,150.6638100,-34.0213733,63.73,86.53,0.6,0,gps,,,,,,,,,,,,,
20170920,15605,10917,150.6638167,-34.0213783,65.13,87.93,1.8,0,gps,,,,,,,,,,,,,
20170920,15606,10917,150.6638100,-34.0213750,64.16,86.96,0.5,0,gps,,,,,,,,,,,,,
20170920,15607,10917,150.6637950,-34.0213600,60.95,83.75,4.1,0,gps,,,,,,,,,,,,,
20170920,15608,10917,150.6637967,-34.0213617,61.52,84.32,1.6,0,gps,,,,,,,,,,,,,
20170920,15609,10917,150.6638000,-34.0213650,62.44,85.24,0.1,0,gps,,,,,,,,,,,,,
20170920,15610,10917,150.6637983,-34.0213633,62.2,85,0.4,0,gps,,,,,,,,,,,,,
20170920,15611,10917,150.6637983,-34.0213617,62.13,84.93,0.5,0,gps,,,,,,,,,,,,,
20170920,15612,10917,150.6637967,-34.0213583,61.65,84.45,1,0,gps,,,,,,,,,,,,,
20170920,15613,10917,150.6637933,-34.0213533,60.92,83.72,1.6,0,gps,,,,,,,,,,,,,
20170920,15614,10917,150.6637917,-34.0213517,60.67,83.47,1.2,0,gps,,,,,,,,,,,,,
20170920,15615,10917,150.6637883,-34.0213500,59.74,82.54,1.2,0,gps,,,,,,,,,,,,,
20170920,15616,10917,150.6637850,-34.0213483,59.35,82.15,1.3,0,gps,,,,,,,,,,,,,
20170920,15617,10917,150.6637883,-34.0213517,60.41,83.21,0.3,0,gps,,,,,,,,,,,,,
20170920,15618,10917,150.6637950,-34.0213567,61.81,84.61,1.6,0,gps,,,,,,,,,,,,,
20170920,15619,10917,150.6637950,-34.0213583,62.38,85.18,1.1,0,gps,,,,,,,,,,,,,
20170920,15620,10917,150.6637950,-34.0213600,62.58,85.38,0.8,0,gps,,,,,,,,,,,,,
20170920,15621,10917,150.6637900,-34.0213550,61.86,84.66,0.9,0,gps,,,,,,,,,,,,,
20170920,15622,10917,150.6637833,-34.0213500,60.54,83.34,2,0,gps,,,,,,,,,,,,,
20170920,15623,10917,150.6637733,-34.0213417,58.26,81.06,3.3,0,gps,,,,,,,,,,,,,
20170920,15624,10817,150.6637550,-34.0213217,53.52,76.32,6.7,0,gps,,,,,,,,,,,,,
20170920,15625,10817,150.6637533,-34.0213200,53.2,76,3.8,0,gps,,,,,,,,,,,,,
20170920,15626,10817,150.6637500,-34.0213200,52.86,75.66,2.3,0,gps,,,,,,,,,,,,,
20170920,15627,10917,150.6637483,-34.0213200,52.85,75.65,1.4,0,gps,,,,,,,,,,,,,
20170920,15628,10917,150.6637433,-34.0213183,52.04,74.84,1.6,0,gps,,,,,,,,,,,,,
20170920,15629,10917,150.6637383,-34.0213183,55.05,77.85,1.6,0,gps,,,,,,,,,,,,,
20170920,15630,10917,150.6637367,-34.0213183,55.03,77.83,1.1,0,gps,,,,,,,,,,,,,
20170920,15631,10917,150.6637433,-34.0213283,56.87,79.67,2,0,gps,,,,,,,,,,,,,
20170920,15632,10917,150.6637483,-34.0213350,58.23,81.03,2.5,0,gps,,,,,,,,,,,,,
20170920,15633,10917,150.6637500,-34.0213417,59.28,82.08,2.6,0,gps,,,,,,,,,,,,,
20170920,15634,10917,150.6637533,-34.0213467,60.42,83.22,2.4,0,gps,,,,,,,,,,,,,
20170920,15635,10917,150.6637483,-34.0213450,59.32,82.12,0.9,0,gps,,,,,,,,,,,,,
20170920,15636,10917,150.6637483,-34.0213450,59.27,82.07,0.4,0,gps,,,,,,,,,,,,,
20170920,15637,10917,150.6637433,-34.0213400,58.13,80.93,1.2,0,gps,,,,,,,,,,,,,
20170920,15638,10917,150.6637467,-34.0213433,58.7,81.5,0.3,0,gps,,,,,,,,,,,,,
20170920,15639,10917,150.6637517,-34.0213483,59.72,82.52,1.4,0,gps,,,,,,,,,,,,,
20170920,15640,10917,150.6637517,-34.0213483,59.8,82.6,0.7,0,gps,,,,,,,,,,,,,
20170920,15641,10917,150.6637500,-34.0213467,59.45,82.25,0.1,0,gps,,,,,,,,,,,,,
20170920,15642,10820,150.6637483,-34.0213467,59.01,81.81,0.3,0,gps,,,,,,,,,,,,,
20170920,15643,10820,150.6637517,-34.0213450,58.36,81.16,0.5,0,gps,,,,,,,,,,,,,
20170920,15644,10917,150.6637617,-34.0213467,58.15,80.95,1.9,0,gps,,,,,,,,,,,,,
20170920,15645,10724,150.6639017,-34.0213683,72.03,94.83,24.6,0,gps,,,,,,,,,,,,,
20170920,15646,10724,150.6638983,-34.0213700,70.04,92.84,11.8,0,gps,,,,,,,,,,,,,
20170920,15647,10722,150.6638517,-34.0213683,63.13,85.93,2.2,0,gps,,,,,,,,,,,,,
20170920,15648,10722,150.6638717,-34.0213700,63.87,86.67,2.5,0,gps,,,,,,,,,,,,,
20170920,15649,10917,150.6638883,-34.0213733,64.77,87.57,4.1,0,gps,,,,,,,,,,,,,
20170920,15650,10818,150.6638817,-34.0213533,63.82,86.62,3.6,0,gps,,,,,,,,,,,,,
20170920,15651,10664,150.6639850,-34.0213867,72.27,95.07,18.3,0,gps,,,,,,,,,,,,,
20170920,15652,10917,150.6639267,-34.0213667,65.36,88.16,1.8,0,gps,,,,,,,,,,,,,
20170920,15653,11011,150.6639233,-34.0213683,63.76,86.56,1.1,0,gps,,,,,,,,,,,,,
20170920,15654,10912,150.6639367,-34.0213767,66.03,88.83,2.2,0,gps,,,,,,,,,,,,,
20170920,15655,10912,150.6639550,-34.0213767,66.39,89.19,4,0,gps,,,,,,,,,,,,,
20170920,15656,11011,150.6639650,-34.0213900,66.92,89.72,4.7,0,gps,,,,,,,,,,,,,
20170920,15657,10917,150.6639983,-34.0213833,67.72,90.52,7.4,0,gps,,,,,,,,,,,,,
20170920,15658,10917,150.6639883,-34.0213833,64.6,87.4,2,0,gps,,,,,,,,,,,,,
20170920,15659,10812,150.6640200,-34.0214033,67.56,90.36,7.5,0,gps,,,,,,,,,,,,,
20170920,15700,11110,150.6640267,-34.0214067,66.45,89.25,5,0,gps,,,,,,,,,,,,,
20170920,15701,11017,150.6640200,-34.0213967,62.55,85.35,1.2,0,gps,,,,,,,,,,,,,
20170920,15702,11117,150.6640300,-34.0214017,62.72,85.52,2.3,0,gps,,,,,,,,,,,,,
20170920,15703,11117,150.6640500,-34.0214183,63.82,86.62,5.7,0,gps,,,,,,,,,,,,,
20170920,15704,10820,150.6640350,-34.0214250,60.18,82.98,3.2,0,gps,,,,,,,,,,,,,
20170920,15705,10820,150.6640400,-34.0214333,59.79,82.59,3.3,0,gps,,,,,,,,,,,,,
20170920,15706,10820,150.6640417,-34.0214450,59.91,82.71,4,0,gps,,,,,,,,,,,,,
20170920,15707,10917,150.6640450,-34.0214550,59.98,82.78,4.1,0,gps,,,,,,,,,,,,,
20170920,15708,10917,150.6640400,-34.0214650,59.76,82.56,4,0,gps,,,,,,,,,,,,,
20170920,15709,10917,150.6640367,-34.0214767,59.79,82.59,4.4,0,gps,,,,,,,,,,,,,
20170920,15710,10917,150.6640317,-34.0214883,59.79,82.59,4.6,0,gps,,,,,,,,,,,,,
20170920,15711,10917,150.6640283,-34.0215050,59.9,82.7,5.7,0,gps,,,,,,,,,,,,,
20170920,15712,10917,150.6640200,-34.0215183,59.78,82.58,5.8,0,gps,,,,,,,,,,,,,
20170920,15713,10917,150.6640100,-34.0215367,59.86,82.66,6.9,0,gps,,,,,,,,,,,,,
20170920,15714,10917,150.6640000,-34.0215567,59.73,82.53,7.8,0,gps,,,,,,,,,,,,,
20170920,15715,10917,150.6639917,-34.0215783,59.73,82.53,8.4,0,gps,,,,,,,,,,,,,
20170920,15716,10917,150.6639850,-34.0216033,59.57,82.37,9.3,0,gps,,,,,,,,,,,,,
20170920,15717,10917,150.6639783,-34.0216283,59.44,82.24,9.8,0,gps,,,,,,,,,,,,,
20170920,15718,10917,150.6639733,-34.0216550,59.3,82.1,10.3,0,gps,,,,,,,,,,,,,
20170920,15719,10917,150.6639667,-34.0216817,59.27,82.07,10.6,0,gps,,,,,,,,,,,,,
20170920,15720,10917,150.6639583,-34.0217100,59.14,81.94,11.1,0,gps,,,,,,,,,,,,,
20170920,15721,10917,150.6639517,-34.0217400,59.05,81.85,11.6,0,gps,,,,,,,,,,,,,
20170920,15722,10917,150.6639433,-34.0217700,58.95,81.75,12,0,gps,,,,,,,,,,,,,
20170920,15723,10917,150.6639350,-34.0218000,58.86,81.66,12.1,0,gps,,,,,,,,,,,,,
20170920,15724,10917,150.6639283,-34.0218300,58.78,81.58,12.2,0,gps,,,,,,,,,,,,,
20170920,15725,10917,150.6639200,-34.0218583,58.67,81.47,11.9,0,gps,,,,,,,,,,,,,
20170920,15726,10917,150.6639133,-34.0218900,58.56,81.36,12.4,0,gps,,,,,,,,,,,,,
20170920,15727,10917,150.6639067,-34.0219233,58.38,81.18,12.9,0,gps,,,,,,,,,,,,,
20170920,15728,10917,150.6638983,-34.0219550,58.19,80.99,12.9,0,gps,,,,,,,,,,,,,
20170920,15729,10917,150.6638917,-34.0219883,57.89,80.69,13.2,0,gps,,,,,,,,,,,,,
20170920,15730,10917,150.6638833,-34.0220217,57.63,80.43,13.4,0,gps,,,,,,,,,,,,,
20170920,15731,10917,150.6638783,-34.0220567,57.67,80.47,13.7,0,gps,,,,,,,,,,,,,
20170920,15732,10917,150.6638717,-34.0220917,57.58,80.38,13.9,0,gps,,,,,,,,,,,,,
20170920,15733,10917,150.6638633,-34.0221250,57.51,80.31,13.8,0,gps,,,,,,,,,,,,,
20170920,15734,10917,150.6638567,-34.0221567,57.42,80.22,13.3,0,gps,,,,,,,,,,,,,
20170920,15735,10917,150.6638483,-34.0221883,57.39,80.19,13.1,0,gps,,,,,,,,,,,,,
20170920,15736,10917,150.6638400,-34.0222200,57.32,80.12,13,0,gps,,,,,,,,,,,,,
20170920,15737,10917,150.6638317,-34.0222517,57.19,79.99,13,0,gps,,,,,,,,,,,,,
20170920,15738,10917,150.6638250,-34.0222833,57.21,80.01,12.9,0,gps,,,,,,,,,,,,,
20170920,15739,10917,150.6638167,-34.0223167,57.22,80.02,13.3,0,gps,,,,,,,,,,,,,
20170920,15740,10917,150.6638083,-34.0223500,57.25,80.05,13.4,0,gps,,,,,,,,,,,,,
20170920,15741,10917,150.6638000,-34.0223850,57.25,80.05,13.8,0,gps,,,,,,,,,,,,,
20170920,15742,10917,150.6637900,-34.0224200,57.28,80.08,14.1,0,gps,,,,,,,,,,,,,
20170920,15743,10917,150.6637800,-34.0224550,57.25,80.05,14.2,0,gps,,,,,,,,,,,,,
20170920,15744,11012,150.6637817,-34.0225000,58.55,81.35,16,0,gps,,,,,,,,,,,,,
20170920,15745,11012,150.6637717,-34.0225367,58.45,81.25,15.5,0,gps,,,,,,,,,,,,,
20170920,15746,11012,150.6637617,-34.0225750,58.4,81.2,15.6,0,gps,,,,,,,,,,,,,
20170920,15747,11112,150.6637500,-34.0226100,58.09,80.89,15,0,gps,,,,,,,,,,,,,
20170920,15748,11112,150.6637400,-34.0226483,57.9,80.7,15.3,0,gps,,,,,,,,,,,,,
20170920,15749,11208,150.6637733,-34.0227033,65.74,88.54,18.9,0,gps,,,,,,,,,,,,,
20170920,15750,11208,150.6637633,-34.0227417,65.61,88.41,16.9,0,gps,,,,,,,,,,,,,
20170920,15751,11208,150.6637550,-34.0227817,65.55,88.35,16.5,0,gps,,,,,,,,,,,,,
20170920,15752,11208,150.6637467,-34.0228200,65.5,88.3,16,0,gps,,,,,,,,,,,,,
20170920,15753,11208,150.6637400,-34.0228583,65.44,88.24,15.7,0,gps,,,,,,,,,,,,,
20170920,15754,11208,150.6637317,-34.0228950,65.38,88.18,15.3,0,gps,,,,,,,,,,,,,
20170920,15755,11208,150.6637250,-34.0229267,65.38,88.18,14.1,0,gps,,,,,,,,,,,,,
20170920,15756,11208,150.6637183,-34.0229533,65.36,88.16,12.5,0,gps,,,,,,,,,,,,,
20170920,15757,11208,150.6637117,-34.0229783,65.34,88.14,11.3,0,gps,,,,,,,,,,,,,
20170920,15758,11208,150.6637050,-34.0230017,65.28,88.08,10.5,0,gps,,,,,,,,,,,,,
20170920,15759,11208,150.6636983,-34.0230267,65.27,88.07,10.3,0,gps,,,,,,,,,,,,,
20170920,15800,11208,150.6636933,-34.0230550,65.29,88.09,10.9,0,gps,,,,,,,,,,,,,
20170920,15801,11208,150.6636867,-34.0230800,65.29,88.09,10.6,0,gps,,,,,,,,,,,,,
20170920,15802,11208,150.6636800,-34.0231067,65.29,88.09,10.7,0,gps,,,,,,,,,,,,,
20170920,15803,11208,150.6636733,-34.0231333,65.01,87.81,10.8,0,gps,,,,,,,,,,,,,
20170920,15804,11208,150.6636667,-34.0231600,64.98,87.78,10.8,0,gps,,,,,,,,,,,,,
20170920,15805,11208,150.6636567,-34.0231883,64.93,87.73,11.3,0,gps,,,,,,,,,,,,,
20170920,15806,11208,150.6636467,-34.0232167,64.91,87.71,11.5,0,gps,,,,,,,,,,,,,
20170920,15807,11208,150.6636367,-34.0232467,64.88,87.68,12,0,gps,,,,,,,,,,,,,
20170920,15808,11208,150.6636267,-34.0232767,64.86,87.66,12.2,0,gps,,,,,,,,,,,,,
20170920,15809,11208,150.6636183,-34.0233083,64.86,87.66,12.6,0,gps,,,,,,,,,,,,,
20170920,15810,11208,150.6636100,-34.0233400,64.81,87.61,12.8,0,gps,,,,,,,,,,,,,
20170920,15811,11208,150.6636033,-34.0233717,64.76,87.56,12.8,0,gps,,,,,,,,,,,,,
20170920,15812,11208,150.6635967,-34.0234017,64.75,87.55,12.5,0,gps,,,,,,,,,,,,,
20170920,15813,11208,150.6635883,-34.0234333,64.75,87.55,12.7,0,gps,,,,,,,,,,,,,
20170920,15814,11208,150.6635800,-34.0234667,64.63,87.43,13.2,0,gps,,,,,,,,,,,,,
20170920,15815,11208,150.6635700,-34.0234983,64.55,87.35,13.1,0,gps,,,,,,,,,,,,,
20170920,15816,11208,150.6635600,-34.0235317,64.55,87.35,13.4,0,gps,,,,,,,,,,,,,
20170920,15817,11208,150.6635500,-34.0235650,64.46,87.26,13.6,0,gps,,,,,,,,,,,,,
20170920,15818,11208,150.6635400,-34.0235983,64.42,87.22,13.6,0,gps,,,,,,,,,,,,,
20170920,15819,11208,150.6635283,-34.0236317,64.36,87.16,13.8,0,gps,,,,,,,,,,,,,
20170920,15820,11208,150.6635183,-34.0236650,64.35,87.15,13.7,0,gps,,,,,,,,,,,,,
20170920,15821,11208,150.6635067,-34.0236967,64.33,87.13,13.5,0,gps,,,,,,,,,,,,,
20170920,15822,11208,150.6634967,-34.0237300,64.35,87.15,13.6,0,gps,,,,,,,,,,,,,
20170920,15823,11308,150.6634867,-34.0237600,64.66,87.46,13,0,gps,,,,,,,,,,,,,
20170920,15824,11308,150.6634783,-34.0237933,64.62,87.42,13.3,0,gps,,,,,,,,,,,,,
20170920,15825,11308,150.6634700,-34.0238267,64.63,87.43,13.4,0,gps,,,,,,,,,,,,,
20170920,15826,11308,150.6634617,-34.0238617,64.66,87.46,13.8,0,gps,,,,,,,,,,,,,
20170920,15827,11308,150.6634533,-34.0238967,64.67,87.47,14,0,gps,,,,,,,,,,,,,
20170920,15828,11308,150.6634450,-34.0239317,64.68,87.48,14.1,0,gps,,,,,,,,,,,,,
20170920,15829,11308,150.6634367,-34.0239667,64.66,87.46,14.2,0,gps,,,,,,,,,,,,,
20170920,15830,11308,150.6634300,-34.0240033,64.89,87.69,14.5,0,gps,,,,,,,,,,,,,
20170920,15831,11308,150.6634217,-34.0240417,64.88,87.68,15,0,gps,,,,,,,,,,,,,
20170920,15832,11308,150.6634133,-34.0240783,64.96,87.76,15,0,gps,,,,,,,,,,,,,
20170920,15833,11308,150.6634050,-34.0241117,65.05,87.85,14.3,0,gps,,,,,,,,,,,,,
20170920,15834,11308,150.6633967,-34.0241433,65.1,87.9,13.6,0,gps,,,,,,,,,,,,,
20170920,15835,11308,150.6633883,-34.0241733,65.04,87.84,13,0,gps,,,,,,,,,,,,,
20170920,15836,11308,150.6633800,-34.0242050,65.03,87.83,12.9,0,gps,,,,,,,,,,,,,
20170920,15837,11308,150.6633717,-34.0242367,65.07,87.87,12.9,0,gps,,,,,,,,,,,,,
20170920,15838,11308,150.6633617,-34.0242700,65.03,87.83,13.3,0,gps,,,,,,,,,,,,,
20170920,15839,11308,150.6633533,-34.0243050,65.04,87.84,13.8,0,gps,,,,,,,,,,,,,
20170920,15840,11308,150.6633433,-34.0243383,65.07,87.87,13.8,0,gps,,,,,,,,,,,,,
20170920,15841,11308,150.6633333,-34.0243717,65.09,87.89,13.7,0,gps,,,,,,,,,,,,,
20170920,15842,11308,150.6633250,-34.0244067,65.14,87.94,14,0,gps,,,,,,,,,,,,,
20170920,15843,11308,150.6633150,-34.0244400,65.11,87.91,13.9,0,gps,,,,,,,,,,,,,
20170920,15844,11308,150.6633067,-34.0244750,65.2,88,14,0,gps,,,,,,,,,,,,,
20170920,15845,11308,150.6632983,-34.0245083,65.21,88.01,13.8,0,gps,,,,,,,,,,,,,
20170920,15846,11308,150.6632900,-34.0245433,65.27,88.07,14,0,gps,,,,,,,,,,,,,
20170920,15847,11308,150.6632800,-34.0245783,65.32,88.12,14.2,0,gps,,,,,,,,,,,,,
20170920,15848,11308,150.6632700,-34.0246167,65.39,88.19,14.9,0,gps,,,,,,,,,,,,,
20170920,15849,11308,150.6632583,-34.0246550,65.42,88.22,15.4,0,gps,,,,,,,,,,,,,
20170920,15850,11308,150.6632500,-34.0246950,65.44,88.24,15.8,0,gps,,,,,,,,,,,,,
20170920,15851,11308,150.6632383,-34.0247333,65.45,88.25,15.8,0,gps,,,,,,,,,,,,,
20170920,15852,11308,150.6632300,-34.0247717,65.48,88.28,15.7,0,gps,,,,,,,,,,,,,
20170920,15853,11308,150.6632200,-34.0248100,65.45,88.25,15.7,0,gps,,,,,,,,,,,,,
20170920,15854,11308,150.6632133,-34.0248483,65.43,88.23,15.6,0,gps,,,,,,,,,,,,,
20170920,15855,11308,150.6632033,-34.0248850,65.51,88.31,15.3,0,gps,,,,,,,,,,,,,
20170920,15856,11308,150.6631950,-34.0249233,65.48,88.28,15.4,0,gps,,,,,,,,,,,,,
20170920,15857,11308,150.6631850,-34.0249617,65.45,88.25,15.5,0,gps,,,,,,,,,,,,,
20170920,15858,11308,150.6631733,-34.0250017,65.45,88.25,16,0,gps,,,,,,,,,,,,,
20170920,15859,11308,150.6631633,-34.0250417,65.4,88.2,16.2,0,gps,,,,,,,,,,,,,
20170920,15900,11406,150.6631500,-34.0250750,63.9,86.7,15.1,0,gps,,,,,,,,,,,,,
20170920,15901,11406,150.6631417,-34.0251150,63.88,86.68,15.6,0,gps,,,,,,,,,,,,,
20170920,15902,11406,150.6631300,-34.0251567,63.77,86.57,16.4,0,gps,,,,,,,,,,,,,
20170920,15903,11406,150.6631200,-34.0251967,63.75,86.55,16.3,0,gps,,,,,,,,,,,,,
20170920,15904,11406,150.6631117,-34.0252350,63.62,86.42,15.9,0,gps,,,,,,,,,,,,,
20170920,15905,11406,150.6631017,-34.0252750,63.59,86.39,16.1,0,gps,,,,,,,,,,,,,
20170920,15906,11406,150.6630900,-34.0253133,63.54,86.34,16,0,gps,,,,,,,,,,,,,
20170920,15907,11406,150.6630800,-34.0253517,63.5,86.3,15.8,0,gps,,,,,,,,,,,,,
20170920,15908,11406,150.6630700,-34.0253900,63.48,86.28,15.7,0,gps,,,,,,,,,,,,,
20170920,15909,11406,150.6630600,-34.0254267,63.48,86.28,15.4,0,gps,,,,,,,,,,,,,
20170920,15910,11406,150.6630500,-34.0254617,63.46,86.26,14.9,0,gps,,,,,,,,,,,,,
20170920,15911,11406,150.6630417,-34.0254967,63.46,86.26,14.6,0,gps,,,,,,,,,,,,,
20170920,15912,11406,150.6630317,-34.0255317,63.41,86.21,14.5,0,gps,,,,,,,,,,,,,
20170920,15913,11406,150.6630233,-34.0255650,63.39,86.19,14,0,gps,,,,,,,,,,,,,
20170920,15914,11406,150.6630150,-34.0256000,63.37,86.17,14.1,0,gps,,,,,,,,,,,,,
20170920,15915,11406,150.6630067,-34.0256333,63.32,86.12,13.9,0,gps,,,,,,,,,,,,,
20170920,15916,11406,150.6629983,-34.0256683,63.32,86.12,14.1,0,gps,,,,,,,,,,,,,
20170920,15917,11406,150.6629883,-34.0257033,63.31,86.11,14.2,0,gps,,,,,,,,,,,,,
20170920,15918,11406,150.6629800,-34.0257383,63.27,86.07,14.2,0,gps,,,,,,,,,,,,,
20170920,15919,11406,150.6629717,-34.0257767,63.22,86.02,14.9,0,gps,,,,,,,,,,,,,
20170920,15920,11406,150.6629617,-34.0258150,63.18,85.98,15.3,0,gps,,,,,,,,,,,,,
20170920,15921,11406,150.6629533,-34.0258533,63.2,86,15.4,0,gps,,,,,,,,,,,,,
20170920,15922,11406,150.6629450,-34.0258917,63.19,85.99,15.5,0,gps,,,,,,,,,,,,,
20170920,15923,11406,150.6629350,-34.0259317,63.21,86.01,15.9,0,gps,,,,,,,,,,,,,
20170920,15924,11406,150.6629250,-34.0259700,63.24,86.04,15.8,0,gps,,,,,,,,,,,,,
20170920,15925,11406,150.6629167,-34.0260083,63.31,86.11,15.7,0,gps,,,,,,,,,,,,,
20170920,15926,11406,150.6629067,-34.0260483,63.32,86.12,16,0,gps,,,,,,,,,,,,,
20170920,15927,11406,150.6628983,-34.0260867,63.3,86.1,15.8,0,gps,,,,,,,,,,,,,
20170920,15928,11406,150.6628900,-34.0261250,63.37,86.17,15.7,0,gps,,,,,,,,,,,,,
20170920,15929,11406,150.6628800,-34.0261633,63.4,86.2,15.7,0,gps,,,,,,,,,,,,,
20170920,15930,11406,150.6628717,-34.0262017,63.45,86.25,15.6,0,gps,,,,,,,,,,,,,
20170920,15931,11406,150.6628633,-34.0262400,63.58,86.38,15.6,0,gps,,,,,,,,,,,,,
20170920,15932,11406,150.6628533,-34.0262783,63.59,86.39,15.6,0,gps,,,,,,,,,,,,,
20170920,15933,11406,150.6628433,-34.0263167,63.7,86.5,15.6,0,gps,,,,,,,,,,,,,
20170920,15934,11406,150.6628317,-34.0263533,63.77,86.57,15.4,0,gps,,,,,,,,,,,,,
20170920,15935,11406,150.6628233,-34.0263900,63.85,86.65,15.1,0,gps,,,,,,,,,,,,,
20170920,15936,11406,150.6628150,-34.0264250,63.92,86.72,14.7,0,gps,,,,,,,,,,,,,
20170920,15937,11406,150.6628067,-34.0264600,63.99,86.79,14.5,0,gps,,,,,,,,,,,,,
20170920,15938,11406,150.6627983,-34.0264917,64.1,86.9,13.7,0,gps,,,,,,,,,,,,,
20170920,15939,11406,150.6627917,-34.0265217,64.2,87,12.9,0,gps,,,,,,,,,,,,,
20170920,15940,11406,150.6627850,-34.0265483,64.25,87.05,11.9,0,gps,,,,,,,,,,,,,
20170920,15941,11406,150.6627783,-34.0265750,64.29,87.09,11.4,0,gps,,,,,,,,,,,,,
20170920,15942,11406,150.6627750,-34.0266000,64.33,87.13,10.7,0,gps,,,,,,,,,,,,,
20170920,15943,11308,150.6627667,-34.0266217,64.33,87.13,9.9,0,gps,,,,,,,,,,,,,
20170920,15944,11308,150.6627517,-34.0266350,64.29,87.09,8.3,0,gps,,,,,,,,,,,,,
20170920,15945,11406,150.6627333,-34.0266417,64.26,87.06,7,0,gps,,,,,,,,,,,,,
20170920,15946,11406,150.6627117,-34.0266417,64.15,86.95,6.5,0,gps,,,,,,,,,,,,,
20170920,15947,11406,150.6626950,-34.0266317,64.15,86.95,5.8,0,gps,,,,,,,,,,,,,
20170920,15948,11506,150.6626833,-34.0266150,64.12,86.92,6.1,0,gps,,,,,,,,,,,,,
20170920,15949,11506,150.6626833,-34.0265950,64.1,86.9,6.3,0,gps,,,,,,,,,,,,,
20170920,15950,11506,150.6626883,-34.0265750,64.11,86.91,6.9,0,gps,,,,,,,,,,,,,
20170920,15951,11406,150.6626950,-34.0265567,63.97,86.77,7.2,0,gps,,,,,,,,,,,,,
20170920,15952,11506,150.6627033,-34.0265350,63.99,86.79,8.1,0,gps,,,,,,,,,,,,,
20170920,15953,11506,150.6627100,-34.0265150,63.96,86.76,8.2,0,gps,,,,,,,,,,,,,
20170920,15954,11506,150.6627150,-34.0264933,63.89,86.69,8.5,0,gps,,,,,,,,,,,,,
20170920,15955,11506,150.6627217,-34.0264700,63.87,86.67,9,0,gps,,,,,,,,,,,,,
20170920,15956,11506,150.6627283,-34.0264467,63.8,86.6,9.3,0,gps,,,,,,,,,,,,,
20170920,15957,11506,150.6627350,-34.0264233,63.68,86.48,9.4,0,gps,,,,,,,,,,,,,
20170920,15958,11506,150.6627400,-34.0264000,63.58,86.38,9.4,0,gps,,,,,,,,,,,,,
20170920,15959,11506,150.6627467,-34.0263750,63.58,86.38,9.8,0,gps,,,,,,,,,,,,,
20170920,20000,11506,150.6627517,-34.0263500,63.57,86.37,10,0,gps,,,,,,,,,,,,,
20170920,20001,11506,150.6627583,-34.0263267,63.53,86.33,9.8,0,gps,,,,,,,,,,,,,
20170920,20002,11506,150.6627633,-34.0263033,63.63,86.43,9.6,0,gps,,,,,,,,,,,,,
20170920,20003,11506,150.6627683,-34.0262783,63.62,86.42,9.9,0,gps,,,,,,,,,,,,,
20170920,20004,11506,150.6627750,-34.0262567,63.6,86.4,9.4,0,gps,,,,,,,,,,,,,
20170920,20005,11506,150.6627800,-34.0262333,63.5,86.3,9.4,0,gps,,,,,,,,,,,,,
20170920,20006,11506,150.6627867,-34.0262100,63.46,86.26,9.5,0,gps,,,,,,,,,,,,,
20170920,20007,11506,150.6627933,-34.0261883,63.45,86.25,9.2,0,gps,,,,,,,,,,,,,
20170920,20008,11506,150.6628000,-34.0261667,63.45,86.25,9.1,0,gps,,,,,,,,,,,,,
20170920,20009,11506,150.6628067,-34.0261433,63.42,86.22,9.3,0,gps,,,,,,,,,,,,,
20170920,20010,11506,150.6628117,-34.0261217,63.41,86.21,9.1,0,gps,,,,,,,,,,,,,
20170920,20011,11506,150.6628183,-34.0260983,63.36,86.16,9.3,0,gps,,,,,,,,,,,,,
20170920,20012,11506,150.6628233,-34.0260750,63.18,85.98,9.4,0,gps,,,,,,,,,,,,,
20170920,20013,11506,150.6628283,-34.0260517,63.17,85.97,9.4,0,gps,,,,,,,,,,,,,
20170920,20014,11506,150.6628333,-34.0260300,63.17,85.97,9.1,0,gps,,,,,,,,,,,,,
20170920,20015,11506,150.6628400,-34.0260083,63.15,85.95,9,0,gps,,,,,,,,,,,,,
20170920,20016,11506,150.6628450,-34.0259867,63.15,85.95,8.9,0,gps,,,,,,,,,,,,,
20170920,20017,11506,150.6628500,-34.0259667,63.11,85.91,8.5,0,gps,,,,,,,,,,,,,
20170920,20018,11506,150.6628550,-34.0259500,63.13,85.93,7.7,0,gps,,,,,,,,,,,,,
20170920,20019,11506,150.6628600,-34.0259300,63.13,85.93,7.9,0,gps,,,,,,,,,,,,,
20170920,20020,11506,150.6628667,-34.0259133,63.12,85.92,7.5,0,gps,,,,,,,,,,,,,
20170920,20021,11506,150.6628717,-34.0258950,63.16,85.96,7.5,0,gps,,,,,,,,,,,,,
20170920,20022,11506,150.6628783,-34.0258750,63.18,85.98,7.9,0,gps,,,,,,,,,,,,,
20170920,20023,11506,150.6628833,-34.0258550,63.15,85.95,8,0,gps,,,,,,,,,,,,,
20170920,20024,11506,150.6628900,-34.0258350,63.12,85.92,8.2,0,gps,,,,,,,,,,,,,
20170920,20025,11506,150.6628967,-34.0258133,63.17,85.97,8.5,0,gps,,,,,,,,,,,,,
20170920,20026,11506,150.6629033,-34.0257933,63.16,85.96,8.4,0,gps,,,,,,,,,,,,,
20170920,20027,11506,150.6629083,-34.0257717,63.18,85.98,8.6,0,gps,,,,,,,,,,,,,
20170920,20028,11506,150.6629150,-34.0257500,63.2,86,8.8,0,gps,,,,,,,,,,,,,
20170920,20029,11606,150.6629200,-34.0257300,63.24,86.04,8.5,0,gps,,,,,,,,,,,,,
20170920,20030,11606,150.6629250,-34.0257117,63.27,86.07,8,0,gps,,,,,,,,,,,,,
20170920,20031,11606,150.6629300,-34.0256933,63.27,86.07,7.7,0,gps,,,,,,,,,,,,,
20170920,20032,11606,150.6629350,-34.0256733,63.29,86.09,8,0,gps,,,,,,,,,,,,,
20170920,20033,11606,150.6629400,-34.0256517,63.3,86.1,8.4,0,gps,,,,,,,,,,,,,
20170920,20034,11606,150.6629450,-34.0256300,63.32,86.12,8.6,0,gps,,,,,,,,,,,,,
20170920,20035,11606,150.6629500,-34.0256067,63.32,86.12,9,0,gps,,,,,,,,,,,,,
20170920,20036,11606,150.6629550,-34.0255850,63.32,86.12,8.9,0,gps,,,,,,,,,,,,,
20170920,20037,11606,150.6629600,-34.0255617,63.34,86.14,9.2,0,gps,,,,,,,,,,,,,
20170920,20038,11606,150.6629667,-34.0255400,63.34,86.14,9.1,0,gps,,,,,,,,,,,,,
20170920,20039,11606,150.6629717,-34.0255167,63.33,86.13,9.3,0,gps,,,,,,,,,,,,,
20170920,20040,11606,150.6629767,-34.0254950,63.34,86.14,9,0,gps,,,,,,,,,,,,,
20170920,20041,11606,150.6629833,-34.0254717,63.34,86.14,9.3,0,gps,,,,,,,,,,,,,
20170920,20042,11606,150.6629900,-34.0254483,63.35,86.15,9.4,0,gps,,,,,,,,,,,,,
20170920,20043,11606,150.6629967,-34.0254250,63.34,86.14,9.5,0,gps,,,,,,,,,,,,,
20170920,20044,11606,150.6630033,-34.0254000,63.35,86.15,9.9,0,gps,,,,,,,,,,,,,
20170920,20045,11606,150.6630100,-34.0253767,63.34,86.14,9.7,0,gps,,,,,,,,,,,,,
20170920,20046,11606,150.6630167,-34.0253533,63.32,86.12,9.6,0,gps,,,,,,,,,,,,,
20170920,20047,11606,150.6630233,-34.0253283,63.2,86,9.9,0,gps,,,,,,,,,,,,,
20170920,20048,11606,150.6630317,-34.0253017,63.19,85.99,10.5,0,gps,,,,,,,,,,,,,
20170920,20049,11606,150.6630383,-34.0252767,63.19,85.99,10.3,0,gps,,,,,,,,,,,,,
20170920,20050,11606,150.6630467,-34.0252483,63.22,86.02,11,0,gps,,,,,,,,,,,,,
20170920,20051,11606,150.6630533,-34.0252217,63.23,86.03,10.9,0,gps,,,,,,,,,,,,,
20170920,20052,11606,150.6630600,-34.0251950,63.25,86.05,10.9,0,gps,,,,,,,,,,,,,
20170920,20053,11606,150.6630667,-34.0251683,63.32,86.12,10.9,0,gps,,,,,,,,,,,,,
20170920,20054,11606,150.6630733,-34.0251400,63.38,86.18,11.2,0,gps,,,,,,,,,,,,,
20170920,20055,11606,150.6630800,-34.0251133,63.4,86.2,11,0,gps,,,,,,,,,,,,,
20170920,20056,11606,150.6630850,-34.0250850,63.44,86.24,11.2,0,gps,,,,,,,,,,,,,
20170920,20057,11606,150.6630917,-34.0250567,63.45,86.25,11.4,0,gps,,,,,,,,,,,,,
20170920,20058,11606,150.6630983,-34.0250300,63.48,86.28,11.1,0,gps,,,,,,,,,,,,,
20170920,20059,11606,150.6631033,-34.0250050,63.53,86.33,10.6,0,gps,,,,,,,,,,,,,
20170920,20100,11606,150.6631067,-34.0249800,63.57,86.37,10.3,0,gps,,,,,,,,,,,,,
20170920,20101,11606,150.6631100,-34.0249583,63.62,86.42,9.5,0,gps,,,,,,,,,,,,,
20170920,20102,11606,150.6631133,-34.0249450,63.56,86.36,7.5,0,gps,,,,,,,,,,,,,
20170920,20103,11606,150.6631150,-34.0249367,63.55,86.35,5.4,0,gps,,,,,,,,,,,,,
20170920,20104,11606,150.6631167,-34.0249283,63.56,86.36,4.4,0,gps,,,,,,,,,,,,,
20170920,20105,11606,150.6631183,-34.0249217,63.53,86.33,3.6,0,gps,,,,,,,,,,,,,
20170920,20106,11606,150.6631183,-34.0249217,63.51,86.31,1.8,0,gps,,,,,,,,,,,,,
20170920,20107,11606,150.6631183,-34.0249217,63.52,86.32,0.9,0,gps,,,,,,,,,,,,,
20170920,20108,11606,150.6631183,-34.0249217,63.53,86.33,0.4,0,gps,,,,,,,,,,,,,
20170920,20109,11606,150.6631183,-34.0249217,63.52,86.32,0.2,0,gps,,,,,,,,,,,,,
20170920,20110,11606,150.6631183,-34.0249217,63.54,86.34,0.1,0,gps,,,,,,,,,,,,,
20170920,20111,11606,150.6631183,-34.0249217,63.56,86.36,0.1,0,gps,,,,,,,,,,,,,
20170920,20112,11606,150.6631183,-34.0249217,63.59,86.39,0,0,gps,,,,,,,,,,,,,
20170920,20113,11606,150.6631183,-34.0249217,63.6,86.4,0,0,gps,,,,,,,,,,,,,
20170920,20114,11606,150.6631183,-34.0249217,63.62,86.42,0,0,gps,,,,,,,,,,,,,
20170920,20115,11606,150.6631183,-34.0249217,63.61,86.41,0,0,gps,,,,,,,,,,,,,
20170920,20116,11606,150.6631183,-34.0249217,63.61,86.41,0,0,gps,,,,,,,,,,,,,
20170920,20117,11606,150.6631183,-34.0249217,63.6,86.4,0,0,gps,,,,,,,,,,,,,
20170920,20118,11606,150.6631183,-34.0249217,63.62,86.42,0,0,gps,,,,,,,,,,,,,
20170920,20119,11606,150.6631183,-34.0249217,63.61,86.41,0,0,gps,,,,,,,,,,,,,
20170920,20120,11606,150.6631183,-34.0249217,63.64,86.44,0,0,gps,,,,,,,,,,,,,
20170920,20121,11606,150.6631183,-34.0249233,63.66,86.46,0.3,0,gps,,,,,,,,,,,,,
20170920,20122,11606,150.6631183,-34.0249233,63.69,86.49,0.2,0,gps,,,,,,,,,,,,,
20170920,20123,11606,150.6631183,-34.0249233,63.69,86.49,0.1,0,gps,,,,,,,,,,,,,
20170920,20124,11606,150.6631183,-34.0249217,63.67,86.47,0.3,0,gps,,,,,,,,,,,,,
20170920,20125,11606,150.6631183,-34.0249217,63.69,86.49,0.1,0,gps,,,,,,,,,,,,,
20170920,20126,11606,150.6631183,-34.0249217,63.73,86.53,0.1,0,gps,,,,,,,,,,,,,
20170920,20127,11606,150.6631183,-34.0249217,63.72,86.52,0,0,gps,,,,,,,,,,,,,
20170920,20128,11606,150.6631183,-34.0249217,63.72,86.52,0,0,gps,,,,,,,,,,,,,
20170920,20129,11606,150.6631183,-34.0249217,63.72,86.52,0,0,gps,,,,,,,,,,,,,
20170920,20130,11606,150.6631183,-34.0249217,63.72,86.52,0,0,gps,,,,,,,,,,,,,
20170920,20131,11606,150.6631183,-34.0249217,63.72,86.52,0,0,gps,,,,,,,,,,,,,
20170920,20132,11606,150.6631183,-34.0249217,63.73,86.53,0,0,gps,,,,,,,,,,,,,
20170920,20133,11606,150.6631183,-34.0249217,63.73,86.53,0,0,gps,,,,,,,,,,,,,
20170920,20134,11606,150.6631183,-34.0249217,63.76,86.56,0,0,gps,,,,,,,,,,,,,
20170920,20135,11606,150.6631183,-34.0249217,63.81,86.61,0,0,gps,,,,,,,,,,,,,
20170920,20136,11606,150.6631183,-34.0249217,63.81,86.61,0,0,gps,,,,,,,,,,,,,
20170920,20137,11606,150.6631183,-34.0249217,63.82,86.62,0,0,gps,,,,,,,,,,,,,
20170920,20138,11606,150.6631183,-34.0249217,63.82,86.62,0,0,gps,,,,,,,,,,,,,
20170920,20139,11606,150.6631183,-34.0249217,63.84,86.64,0,0,gps,,,,,,,,,,,,,
20170920,20140,11606,150.6631183,-34.0249217,63.83,86.63,0,0,gps,,,,,,,,,,,,,
20170920,20141,11606,150.6631183,-34.0249217,63.83,86.63,0,0,gps,,,,,,,,,,,,,
20170920,20142,11606,150.6631183,-34.0249217,63.86,86.66,0,0,gps,,,,,,,,,,,,,
20170920,20143,11606,150.6631183,-34.0249217,63.89,86.69,0,0,gps,,,,,,,,,,,,,
20170920,20144,11606,150.6631183,-34.0249217,63.9,86.7,0,0,gps,,,,,,,,,,,,,
20170920,20145,11606,150.6631183,-34.0249217,63.88,86.68,0,0,gps,,,,,,,,,,,,,
20170920,20146,11606,150.6631183,-34.0249217,63.89,86.69,0,0,gps,,,,,,,,,,,,,
20170920,20147,11606,150.6631183,-34.0249217,63.89,86.69,0,0,gps,,,,,,,,,,,,,
20170920,20148,11606,150.6631183,-34.0249217,63.96,86.76,0,0,gps,,,,,,,,,,,,,
20170920,20149,11606,150.6631183,-34.0249217,63.93,86.73,0,0,gps,,,,,,,,,,,,,
20170920,20150,11606,150.6631183,-34.0249217,63.96,86.76,0,0,gps,,,,,,,,,,,,,
20170920,20151,11606,150.6631183,-34.0249217,63.97,86.77,0,0,gps,,,,,,,,,,,,,
20170920,20152,11606,150.6631183,-34.0249217,63.99,86.79,0,0,gps,,,,,,,,,,,,,
20170920,20153,11606,150.6631200,-34.0249217,63.99,86.79,0.3,0,gps,,,,,,,,,,,,,
20170920,20154,11606,150.6631183,-34.0249217,63.97,86.77,0.1,0,gps,,,,,,,,,,,,,
20170920,20155,11606,150.6631183,-34.0249217,63.97,86.77,0.1,0,gps,,,,,,,,,,,,,
20170920,20156,11606,150.6631183,-34.0249217,63.97,86.77,0,0,gps,,,,,,,,,,,,,
20170920,20157,11606,150.6631183,-34.0249217,63.96,86.76,0,0,gps,,,,,,,,,,,,,
20170920,20158,11606,150.6631183,-34.0249217,63.99,86.79,0,0,gps,,,,,,,,,,,,,
20170920,20159,11606,150.6631183,-34.0249217,63.98,86.78,0,0,gps,,,,,,,,,,,,,
20170920,20200,11606,150.6631183,-34.0249217,63.99,86.79,0,0,gps,,,,,,,,,,,,,
20170920,20201,11606,150.6631183,-34.0249217,64,86.8,0,0,gps,,,,,,,,,,,,,
20170920,20202,11606,150.6631183,-34.0249217,63.99,86.79,0,0,gps,,,,,,,,,,,,,
20170920,20203,11606,150.6631183,-34.0249217,63.99,86.79,0,0,gps,,,,,,,,,,,,,
20170920,20204,11606,150.6631183,-34.0249217,64,86.8,0,0,gps,,,,,,,,,,,,,
20170920,20205,11606,150.6631183,-34.0249217,63.99,86.79,0,0,gps,,,,,,,,,,,,,
20170920,20206,11606,150.6631183,-34.0249217,64,86.8,0,0,gps,,,,,,,,,,,,,
20170920,20207,11606,150.6631183,-34.0249217,63.98,86.78,0,0,gps,,,,,,,,,,,,,
20170920,20208,11606,150.6631183,-34.0249217,63.99,86.79,0,0,gps,,,,,,,,,,,,,
20170920,20209,11606,150.6631183,-34.0249217,64,86.8,0,0,gps,,,,,,,,,,,,,
20170920,20210,11606,150.6631183,-34.0249217,64,86.8,0,0,gps,,,,,,,,,,,,,
20170920,20211,11606,150.6631183,-34.0249217,64.02,86.82,0,0,gps,,,,,,,,,,,,,
20170920,20212,11606,150.6631183,-34.0249217,64.03,86.83,0,0,gps,,,,,,,,,,,,,
20170920,20213,11606,150.6631183,-34.0249217,64.06,86.86,0,0,gps,,,,,,,,,,,,,
20170920,20214,11606,150.6631200,-34.0249217,64.06,86.86,0.3,0,gps,,,,,,,,,,,,,
20170920,20215,11606,150.6631183,-34.0249217,64.07,86.87,0.1,0,gps,,,,,,,,,,,,,
20170920,20216,11606,150.6631200,-34.0249217,64.06,86.86,0.2,0,gps,,,,,,,,,,,,,
20170920,20217,11606,150.6631200,-34.0249217,64.06,86.86,0.1,0,gps,,,,,,,,,,,,,
20170920,20218,11606,150.6631200,-34.0249217,64.05,86.85,0.1,0,gps,,,,,,,,,,,,,
20170920,20219,11606,150.6631200,-34.0249217,64.06,86.86,0,0,gps,,,,,,,,,,,,,
20170920,20220,11606,150.6631200,-34.0249217,64.05,86.85,0,0,gps,,,,,,,,,,,,,
20170920,20221,11606,150.6631200,-34.0249217,64.05,86.85,0,0,gps,,,,,,,,,,,,,
20170920,20222,11606,150.6631200,-34.0249217,64.06,86.86,0,0,gps,,,,,,,,,,,,,
20170920,20223,11606,150.6631183,-34.0249217,64.05,86.85,0.3,0,gps,,,,,,,,,,,,,
20170920,20224,11606,150.6631183,-34.0249217,64.06,86.86,0.1,0,gps,,,,,,,,,,,,,
20170920,20225,11606,150.6631183,-34.0249217,64.06,86.86,0.1,0,gps,,,,,,,,,,,,,
20170920,20226,11606,150.6631183,-34.0249217,64.08,86.88,0,0,gps,,,,,,,,,,,,,
20170920,20227,11606,150.6631183,-34.0249217,64.15,86.95,0,0,gps,,,,,,,,,,,,,
20170920,20228,11606,150.6631183,-34.0249217,64.15,86.95,0,0,gps,,,,,,,,,,,,,
20170920,20229,11606,150.6631183,-34.0249217,64.16,86.96,0,0,gps,,,,,,,,,,,,,
20170920,20230,11606,150.6631183,-34.0249217,64.15,86.95,0,0,gps,,,,,,,,,,,,,
20170920,20231,11606,150.6631183,-34.0249217,64.17,86.97,0,0,gps,,,,,,,,,,,,,
20170920,20232,11606,150.6631183,-34.0249217,64.17,86.97,0,0,gps,,,,,,,,,,,,,
20170920,20233,11606,150.6631183,-34.0249217,64.16,86.96,0,0,gps,,,,,,,,,,,,,
20170920,20234,11606,150.6631200,-34.0249217,64.17,86.97,0.3,0,gps,,,,,,,,,,,,,
20170920,20235,11606,150.6631200,-34.0249217,64.18,86.98,0.1,0,gps,,,,,,,,,,,,,
20170920,20236,11606,150.6631200,-34.0249217,64.21,87.01,0.1,0,gps,,,,,,,,,,,,,
20170920,20237,11606,150.6631200,-34.0249217,64.21,87.01,0,0,gps,,,,,,,,,,,,,
20170920,20238,11606,150.6631200,-34.0249217,64.21,87.01,0,0,gps,,,,,,,,,,,,,
20170920,20239,11606,150.6631200,-34.0249217,64.2,87,0,0,gps,,,,,,,,,,,,,
20170920,20240,11606,150.6631200,-34.0249217,64.18,86.98,0,0,gps,,,,,,,,,,,,,
20170920,20241,11606,150.6631200,-34.0249217,64.17,86.97,0,0,gps,,,,,,,,,,,,,
20170920,20242,11606,150.6631200,-34.0249217,64.18,86.98,0,0,gps,,,,,,,,,,,,,
20170920,20243,11606,150.6631200,-34.0249217,64.2,87,0,0,gps,,,,,,,,,,,,,
20170920,20244,11606,150.6631200,-34.0249217,64.2,87,0,0,gps,,,,,,,,,,,,,
20170920,20245,11606,150.6631200,-34.0249217,64.2,87,0,0,gps,,,,,,,,,,,,,
20170920,20246,11606,150.6631200,-34.0249217,64.21,87.01,0,0,gps,,,,,,,,,,,,,
20170920,20247,11606,150.6631200,-34.0249217,64.22,87.02,0,0,gps,,,,,,,,,,,,,
20170920,20248,11606,150.6631200,-34.0249217,64.23,87.03,0,0,gps,,,,,,,,,,,,,
20170920,20249,11606,150.6631200,-34.0249217,64.32,87.12,0,0,gps,,,,,,,,,,,,,
20170920,20250,11606,150.6631200,-34.0249217,64.31,87.11,0,0,gps,,,,,,,,,,,,,
20170920,20251,11606,150.6631200,-34.0249217,64.3,87.1,0,0,gps,,,,,,,,,,,,,
20170920,20252,11606,150.6631200,-34.0249217,64.31,87.11,0,0,gps,,,,,,,,,,,,,
20170920,20253,11606,150.6631200,-34.0249217,64.33,87.13,0,0,gps,,,,,,,,,,,,,
20170920,20254,11606,150.6631200,-34.0249217,64.34,87.14,0,0,gps,,,,,,,,,,,,,
20170920,20255,11606,150.6631200,-34.0249217,64.34,87.14,0,0,gps,,,,,,,,,,,,,
20170920,20256,11606,150.6631200,-34.0249217,64.34,87.14,0,0,gps,,,,,,,,,,,,,
20170920,20257,11606,150.6631200,-34.0249217,64.33,87.13,0,0,gps,,,,,,,,,,,,,
20170920,20258,11606,150.6631200,-34.0249217,64.34,87.14,0,0,gps,,,,,,,,,,,,,
20170920,20259,11606,150.6631200,-34.0249217,64.36,87.16,0,0,gps,,,,,,,,,,,,,
20170920,20300,11606,150.6631200,-34.0249217,64.37,87.17,0,0,gps,,,,,,,,,,,,,
20170920,20301,11606,150.6631200,-34.0249217,64.37,87.17,0,0,gps,,,,,,,,,,,,,
20170920,20302,11606,150.6631200,-34.0249217,64.36,87.16,0,0,gps,,,,,,,,,,,,,
20170920,20303,11606,150.6631200,-34.0249217,64.35,87.15,0,0,gps,,,,,,,,,,,,,
20170920,20304,11606,150.6631200,-34.0249217,64.35,87.15,0,0,gps,,,,,,,,,,,,,
20170920,20305,11606,150.6631200,-34.0249217,64.35,87.15,0,0,gps,,,,,,,,,,,,,
20170920,20306,11606,150.6631200,-34.0249217,64.34,87.14,0,0,gps,,,,,,,,,,,,,
20170920,20307,11606,150.6631200,-34.0249217,64.35,87.15,0,0,gps,,,,,,,,,,,,,
20170920,20308,11606,150.6631200,-34.0249217,64.36,87.16,0,0,gps,,,,,,,,,,,,,
20170920,20309,11606,150.6631200,-34.0249217,64.36,87.16,0,0,gps,,,,,,,,,,,,,
20170920,20310,11606,150.6631200,-34.0249217,64.35,87.15,0,0,gps,,,,,,,,,,,,,
20170920,20311,11606,150.6631200,-34.0249217,64.34,87.14,0,0,gps,,,,,,,,,,,,,
20170920,20312,11606,150.6631200,-34.0249217,64.34,87.14,0,0,gps,,,,,,,,,,,,,
20170920,20313,11606,150.6631200,-34.0249217,64.34,87.14,0,0,gps,,,,,,,,,,,,,
20170920,20314,11606,150.6631200,-34.0249217,64.34,87.14,0,0,gps,,,,,,,,,,,,,
20170920,20315,11606,150.6631200,-34.0249217,64.35,87.15,0,0,gps,,,,,,,,,,,,,
20170920,20316,11606,150.6631200,-34.0249217,64.35,87.15,0,0,gps,,,,,,,,,,,,,
20170920,20317,11606,150.6631200,-34.0249217,64.35,87.15,0,0,gps,,,,,,,,,,,,,
20170920,20318,11606,150.6631200,-34.0249217,64.36,87.16,0,0,gps,,,,,,,,,,,,,
20170920,20319,11606,150.6631200,-34.0249217,64.37,87.17,0,0,gps,,,,,,,,,,,,,
20170920,20320,11606,150.6631200,-34.0249217,64.36,87.16,0,0,gps,,,,,,,,,,,,,
20170920,20321,11606,150.6631200,-34.0249217,64.34,87.14,0,0,gps,,,,,,,,,,,,,
20170920,20322,11606,150.6631200,-34.0249217,64.33,87.13,0,0,gps,,,,,,,,,,,,,
20170920,20323,11606,150.6631200,-34.0249217,64.32,87.12,0,0,gps,,,,,,,,,,,,,
20170920,20324,11606,150.6631200,-34.0249217,64.29,87.09,0,0,gps,,,,,,,,,,,,,
20170920,20325,11606,150.6631200,-34.0249217,64.29,87.09,0,0,gps,,,,,,,,,,,,,
20170920,20326,11606,150.6631200,-34.0249217,64.29,87.09,0,0,gps,,,,,,,,,,,,,
