DATE,GPS_TIME,GPS_FIX,WGS84_LON,WGS84_LAT,WGS84_ALT,WGS84_HAE,SPEED_KPH,STATION_ID,REMARK,AUX_X0,AUX_X1,AUX_X2,AUX_X3,AUX_X4,AUX_X5,AUX_X6,AUX_X7,AUX_X8,AUX_X9,AUX_X10,AUX_X11,AUX_X12
20170920,4846,11110,150.6636983,-34.0213200,70.83,93.63,0.6,0,gps,,,,,,,,,,,,,
20170920,4847,11110,150.6636983,-34.0213200,70.62,93.42,0.3,0,gps,,,,,,,,,,,,,
20170920,4848,11110,150.6636983,-34.0213183,71.21,94.01,0.3,0,gps,,,,,,,,,,,,,
20170920,4849,11110,150.6636983,-34.0213183,71.03,93.83,0.1,0,gps,,,,,,,,,,,,,
20170920,4850,11110,150.6636983,-34.0213183,71.15,93.95,0.1,0,gps,,,,,,,,,,,,,
20170920,4851,11110,150.6637000,-34.0213183,70.96,93.76,0.3,0,gps,,,,,,,,,,,,,
20170920,4852,11110,150.6637000,-34.0213183,71.11,93.91,0.1,0,gps,,,,,,,,,,,,,
20170920,4853,11110,150.6637017,-34.0213200,70.4,93.2,0.5,0,gps,,,,,,,,,,,,,
20170920,4854,11110,150.6637033,-34.0213217,70.3,93.1,0.7,0,gps,,,,,,,,,,,,,
20170920,4855,11110,150.6637050,-34.0213217,69.92,92.72,0.6,0,gps,,,,,,,,,,,,,
20170920,4856,11110,150.6637050,-34.0213217,70.06,92.86,0.3,0,gps,,,,,,,,,,,,,
20170920,4857,11110,150.6637067,-34.0213233,69.68,92.48,0.6,0,gps,,,,,,,,,,,,,
20170920,4858,11110,150.6637067,-34.0213233,69.57,92.37,0.3,0,gps,,,,,,,,,,,,,
20170920,4859,11110,150.6637067,-34.0213233,69.68,92.48,0.1,0,gps,,,,,,,,,,,,,
20170920,4900,11110,150.6637067,-34.0213233,69.74,92.54,0.1,0,gps,,,,,,,,,,,,,
20170920,4901,11012,150.6637083,-34.0213233,69.64,92.44,0.3,0,gps,,,,,,,,,,,,,
20170920,4902,11012,150.6637083,-34.0213233,69.5,92.3,0.2,0,gps,,,,,,,,,,,,,
20170920,4903,11012,150.6637100,-34.0213250,68.44,91.24,0.5,0,gps,,,,,,,,,,,,,
20170920,4904,11012,150.6637117,-34.0213250,68.28,91.08,0.5,0,gps,,,,,,,,,,,,,
20170920,4905,11012,150.6637117,-34.0213250,68.3,91.1,0.2,0,gps,,,,,,,,,,,,,
20170920,4906,11110,150.6637133,-34.0213217,69.01,91.81,0.7,0,gps,,,,,,,,,,,,,
20170920,4907,11012,150.6637117,-34.0213233,68.61,91.41,0.1,0,gps,,,,,,,,,,,,,
20170920,4908,11012,150.6637133,-34.0213250,68.39,91.19,0.4,0,gps,,,,,,,,,,,,,
20170920,4909,10912,150.6637117,-34.0213250,69.71,92.51,0.2,0,gps,,,,,,,,,,,,,
20170920,4910,10912,150.6637117,-34.0213250,69.67,92.47,0.1,0,gps,,,,,,,,,,,,,
20170920,4911,10912,150.6637117,-34.0213233,69.83,92.63,0.3,0,gps,,,,,,,,,,,,,
20170920,4912,11012,150.6637133,-34.0213233,69.47,92.27,0.3,0,gps,,,,,,,,,,,,,
20170920,4913,11012,150.6637133,-34.0213217,69.29,92.09,0.4,0,gps,,,,,,,,,,,,,
20170920,4914,11012,150.6637133,-34.0213217,69.24,92.04,0.2,0,gps,,,,,,,,,,,,,
20170920,4915,10912,150.6637117,-34.0213200,70.9,93.7,0.5,0,gps,,,,,,,,,,,,,
20170920,4916,11010,150.6637100,-34.0213233,70.68,93.48,0.6,0,gps,,,,,,,,,,,,,
20170920,4917,11010,150.6637100,-34.0213217,71.14,93.94,0.2,0,gps,,,,,,,,,,,,,
20170920,4918,11010,150.6637100,-34.0213200,71.44,94.24,0.4,0,gps,,,,,,,,,,,,,
20170920,4919,11110,150.6637083,-34.0213183,72.96,95.76,0.6,0,gps,,,,,,,,,,,,,
20170920,4920,11110,150.6637083,-34.0213183,73.09,95.89,0.3,0,gps,,,,,,,,,,,,,
20170920,4921,11110,150.6637083,-34.0213183,73.07,95.87,0.2,0,gps,,,,,,,,,,,,,
20170920,4922,11110,150.6637083,-34.0213167,73.35,96.15,0.4,0,gps,,,,,,,,,,,,,
20170920,4923,11012,150.6637083,-34.0213183,72.79,95.59,0.1,0,gps,,,,,,,,,,,,,
20170920,4924,11012,150.6637100,-34.0213183,72.26,95.06,0.3,0,gps,,,,,,,,,,,,,
20170920,4925,11012,150.6637100,-34.0213183,72.54,95.34,0.1,0,gps,,,,,,,,,,,,,
20170920,4926,11012,150.6637100,-34.0213183,72.96,95.76,0.1,0,gps,,,,,,,,,,,,,
20170920,4927,11110,150.6637083,-34.0213200,72.53,95.33,0.4,0,gps,,,,,,,,,,,,,
20170920,4928,11110,150.6637083,-34.0213200,72.85,95.65,0.2,0,gps,,,,,,,,,,,,,
20170920,4929,11110,150.6637100,-34.0213200,73.15,95.95,0.2,0,gps,,,,,,,,,,,,,
20170920,4930,11012,150.6637100,-34.0213183,73.32,96.12,0.3,0,gps,,,,,,,,,,,,,
20170920,4931,11012,150.6637100,-34.0213183,73.37,96.17,0.2,0,gps,,,,,,,,,,,,,
20170920,4932,11012,150.6637100,-34.0213183,73.5,96.3,0.1,0,gps,,,,,,,,,,,,,
