,Time,Lon,Lat,Reading
0,52343,150.66382146,-34.02222392,0.0585
1,52345,150.66380569,-34.02221979,0.0614
2,52347,150.66379754,-34.02221601,0.0603
3,52350,150.66378027,-34.02220711,0.0557
4,52352,150.66376222,-34.02220289,0.0539
5,52354,150.66374391,-34.02219762,0.0634
6,52357,150.66371475,-34.02219414,0.0646
7,52359,150.6636846,-34.02218814,0.0627
8,52361,150.66365014,-34.02217809,0.06
9,52364,150.66358935,-34.02216566,0.0577
10,52366,150.66355283,-34.0221519,0.0615
11,52368,150.66351656,-34.02213028,0.0547
12,52371,150.66346094,-34.02210601,0.0521
13,52373,150.66342214,-34.022095,0.0597
14,52375,150.6633777,-34.02208346,0.0506
15,52378,150.6633167,-34.02207985,0.0628
16,52380,150.66327722,-34.02208441,0.069
17,52382,150.66323207,-34.02207825,0.0613
18,52385,150.66315773,-34.02206487,0.0631
19,52387,150.66311179,-34.02206009,0.0641
20,52389,150.66306953,-34.02205459,0.0646
21,52392,150.66299713,-34.02202758,0.0664
22,52394,150.66296713,-34.02201609,0.0585
23,52396,150.66295355,-34.02201484,0.0635
24,52399,150.66295024,-34.02202904,0.0564
25,52401,150.66299959,-34.02203956,0.0561
26,52404,150.66300303,-34.02204076,0.0521
27,52406,150.66301126,-34.02204076,0.0539
28,52408,150.66303399,-34.02204773,0.0621
29,52411,150.66309819,-34.02205619,0.0619
30,52413,150.66314495,-34.02205524,0.0693
31,52415,150.66319726,-34.02205368,0.0662
32,52418,150.66327467,-34.02205274,0.0634
33,52420,150.6633261,-34.02205984,0.0635
34,52422,150.66337342,-34.02208679,0.0569
35,52425,150.66344534,-34.02212242,0.0584
36,52427,150.66349592,-34.02212934,0.0574
37,52429,150.66354276,-34.02214658,0.0581
38,52432,150.66363251,-34.0221175,0.0545
39,52434,150.66368445,-34.02209728,0.0651
40,52436,150.66372866,-34.02209701,0.0648
41,52439,150.66377238,-34.02216076,0.0618
42,52441,150.66379579,-34.02218722,0.0613
43,52443,150.66381653,-34.02219235,0.0558
44,52446,150.66382694,-34.02214677,0.0552
45,52448,150.66381027,-34.02211677,0.0573
46,52450,150.66378057,-34.02209548,0.0598
47,52453,150.66370764,-34.02208165,0.0597
48,52456,150.66364748,-34.02207011,0.0601
49,52458,150.66357629,-34.02204893,0.0618
50,52460,150.6635265,-34.02203077,0.066
51,52462,150.66347468,-34.02202238,0.0619
52,52465,150.6633967,-34.02202664,0.0618
53,52467,150.66334482,-34.02201873,0.0618
54,52469,150.66329187,-34.02200277,0.0586
55,52472,150.66321761,-34.02198714,0.0603
56,52474,150.66317158,-34.02198157,0.0618
57,52476,150.66313038,-34.02197108,0.0639
58,52479,150.6630764,-34.0219556,0.0679
59,52481,150.6630427,-34.02194618,0.0622
60,52483,150.66302279,-34.02194203,0.0652
61,52486,150.66299993,-34.02192181,0.0622
62,52488,150.66300418,-34.0219026,0.0567
63,52490,150.66303236,-34.02189821,0.0638
64,52493,150.66308447,-34.02189783,0.0608
65,52495,150.66312976,-34.02190683,0.061
66,52497,150.66317144,-34.02192166,0.0683
67,52500,150.6632438,-34.02194978,0.0611
68,52503,150.66330567,-34.02196662,0.0694
69,52504,150.66335519,-34.02197885,0.0642
70,52507,150.66342373,-34.02199748,0.0623
71,52509,150.6634698,-34.02199357,0.0676
72,52512,150.6635377,-34.02198986,0.07
73,52514,150.66357786,-34.02199913,0.0634
74,52516,150.66361138,-34.02202308,0.0629
75,52519,150.66366689,-34.02203835,0.0634
76,52521,150.66370508,-34.02204748,0.0629
77,52523,150.6637501,-34.02205694,0.0572
78,52526,150.66381754,-34.0220715,0.0623
79,52528,150.6638624,-34.02208024,0.0663
80,52530,150.66390161,-34.02210177,0.0573
81,52533,150.66392829,-34.02216097,0.0611
82,52535,150.66391621,-34.02221526,0.0611
83,52537,150.66389773,-34.02227766,0.0588
84,52540,150.66387474,-34.02236649,0.0611
85,52542,150.66386101,-34.02242291,0.0658
86,52544,150.66384538,-34.02248029,0.0648
87,52547,150.66381332,-34.0225743,0.0678
88,52550,150.66379752,-34.02264151,0.0663
89,52552,150.66377829,-34.02270584,0.0629
90,52555,150.66376117,-34.02280231,0.0569
91,52557,150.66373671,-34.02285756,0.0554
92,52559,150.66371159,-34.02291748,0.0567
93,52562,150.66370186,-34.02301659,0.0618
94,52564,150.66369899,-34.02308246,0.0587
95,52567,150.66367617,-34.02317474,0.0594
96,52569,150.66365839,-34.02323313,0.0658
97,52571,150.6636499,-34.02329418,0.0678
98,52574,150.66363648,-34.02339603,0.0675
99,52576,150.66362053,-34.02346322,0.0642
100,52578,150.66360252,-34.02352703,0.0692
101,52581,150.6635639,-34.0236176,0.0657
102,52583,150.66353488,-34.02368019,0.0662
103,52585,150.66351593,-34.02374751,0.0622
104,52588,150.6634865,-34.02384966,0.067
105,52590,150.66346975,-34.02391542,0.0652
106,52592,150.6634585,-34.02398351,0.0611
107,52595,150.66343228,-34.02407914,0.0685
108,52597,150.66341739,-34.02414271,0.0699
109,52599,150.66340152,-34.02420778,0.0652
110,52602,150.6633743,-34.02430783,0.0655
111,52604,150.66335873,-34.02437899,0.0702
112,52606,150.66333933,-34.02445143,0.067
113,52609,150.66330313,-34.02456414,0.0687
114,52611,150.66327908,-34.02463578,0.0633
115,52613,150.66324121,-34.02473724,0.0624
116,52615,150.66321958,-34.02480393,0.0663
117,52617,150.66320393,-34.0248707,0.0641
118,52620,150.66317464,-34.02497238,0.0621
119,52622,150.663151,-34.02504003,0.0649
120,52624,150.66312532,-34.02510515,0.0646
121,52627,150.66310014,-34.02520846,0.0684
122,52629,150.66308143,-34.025285,0.066
123,52631,150.6630677,-34.0253655,0.0663
124,52634,150.66304177,-34.02548565,0.0664
125,52636,150.66302354,-34.02556527,0.0677
126,52638,150.66300066,-34.02564397,0.0609
127,52641,150.66297466,-34.025766,0.0659
128,52643,150.66296081,-34.02585017,0.0681
129,52645,150.66293891,-34.02592723,0.0596
130,52648,150.66291582,-34.02604308,0.064
131,52650,150.66290803,-34.02611661,0.0631
132,52652,150.6628933,-34.0261879,0.0705
133,52655,150.66287149,-34.02629309,0.0707
134,52657,150.66285457,-34.02635726,0.0723
135,52659,150.66283934,-34.026414,0.0657
136,52662,150.66281389,-34.02649252,0.0709
137,52664,150.66280465,-34.02652812,0.0696
138,52666,150.66279558,-34.02655447,0.0655
139,52669,150.66278457,-34.02657996,0.0722
140,52671,150.66277272,-34.02660148,0.0657
141,52674,150.66274435,-34.02662426,0.0651
142,52676,150.66271789,-34.02661143,0.0676
143,52678,150.6627143,-34.0265835,0.0631
144,52681,150.66272555,-34.026535,0.0703
145,52683,150.66273464,-34.02649599,0.0707
146,52685,150.66273951,-34.02645601,0.076
147,52688,150.66275329,-34.02639353,0.0698
148,52690,150.66277259,-34.02634986,0.0756
149,52692,150.66278842,-34.02630364,0.0718
150,52695,150.66281163,-34.02623328,0.0686
151,52697,150.66282788,-34.02618433,0.0696
152,52699,150.66284242,-34.02613466,0.0724
153,52702,150.66285758,-34.02606667,0.0655
154,52704,150.66287012,-34.02602229,0.0801
155,52706,150.6628883,-34.02597841,0.0656
156,52710,150.66288435,-34.02593184,0.0729
157,52712,150.66284022,-34.02592237,0.0747
158,52714,150.66280041,-34.02595164,0.073
159,52717,150.66277569,-34.02602072,0.0755
160,52719,150.66276477,-34.02606752,0.0711
161,52721,150.66275724,-34.02611441,0.0738
162,52724,150.66274604,-34.02618563,0.0709
163,52726,150.66273861,-34.02623524,0.073
164,52728,150.66273225,-34.02628441,0.0664
165,52731,150.66272414,-34.02635245,0.0717
166,52733,150.66271776,-34.02639688,0.0725
167,52736,150.6627021,-34.02645894,0.0675
168,52738,150.6626927,-34.0264979,0.0748
169,52740,150.6626868,-34.0265358,0.0692
170,52743,150.66267131,-34.02657266,0.0747
171,52745,150.66264108,-34.02658266,0.0687
172,52747,150.66261303,-34.02656364,0.0733
173,52750,150.66262302,-34.02651955,0.0738
174,52752,150.66263839,-34.02649419,0.0738
175,52754,150.66264723,-34.02646715,0.0758
176,52757,150.66266315,-34.02641582,0.0708
177,52759,150.66266694,-34.02637548,0.0686
178,52761,150.66267508,-34.02633708,0.0654
179,52764,150.66268844,-34.0262774,0.0673
180,52766,150.66270192,-34.02623743,0.0709
181,52768,150.66271267,-34.02619795,0.0707
182,52771,150.66272377,-34.02614245,0.0744
183,52773,150.66273035,-34.02610395,0.0764
184,52776,150.66274501,-34.02604969,0.0706
185,52778,150.66275947,-34.02601459,0.0692
186,52780,150.6627729,-34.02597983,0.0666
187,52782,150.66278527,-34.0259475,0.0732
188,52785,150.66274571,-34.02590924,0.0706
189,52787,150.66269365,-34.02591179,0.0727
190,52790,150.66266191,-34.0259659,0.0752
191,52792,150.66266531,-34.02601413,0.0717
192,52794,150.66266676,-34.02605614,0.0754
193,52797,150.66266455,-34.02611299,0.075
194,52799,150.6626525,-34.02615232,0.0756
195,52801,150.6626436,-34.0261932,0.0796
196,52804,150.66263352,-34.02625588,0.0776
197,52806,150.66262135,-34.02630049,0.0763
198,52808,150.66260492,-34.02634559,0.074
199,52811,150.66258393,-34.02641754,0.0743
200,52813,150.66257772,-34.02646329,0.0753
201,52815,150.66257159,-34.02650614,0.0768
202,52818,150.66254269,-34.02655865,0.0777
203,52820,150.66251458,-34.02657202,0.0776
204,52822,150.66247973,-34.02655221,0.0724
205,52825,150.66247306,-34.02650001,0.077
206,52827,150.66250287,-34.02646698,0.079
207,52830,150.6625321,-34.02640778,0.0733
208,52832,150.66254153,-34.02636374,0.0793
209,52834,150.6625468,-34.02631918,0.0761
210,52836,150.66255409,-34.02626909,0.0762
211,52839,150.66257522,-34.02619613,0.0786
212,52841,150.66259277,-34.02615007,0.0747
213,52844,150.66261834,-34.02608431,0.0685
214,52846,150.66263571,-34.02604551,0.0781
215,52848,150.6626577,-34.02601164,0.0746
216,52851,150.66267137,-34.02595552,0.0781
217,52853,150.66266427,-34.02591491,0.0775
218,52855,150.66262651,-34.02589586,0.0773
219,52858,150.66256839,-34.02594704,0.077
220,52860,150.66256574,-34.02600079,0.0743
221,52862,150.66256589,-34.02604476,0.0709
222,52865,150.66255964,-34.02610792,0.0736
223,52867,150.66255737,-34.02615181,0.0802
224,52870,150.66254378,-34.02621331,0.0745
225,52873,150.66254029,-34.02628038,0.0822
226,52875,150.66255026,-34.02632391,0.0778
227,52877,150.66254531,-34.0263699,0.0787
228,52879,150.66250659,-34.02640232,0.0768
229,52881,150.6624856,-34.02643485,0.0786
230,52883,150.66247857,-34.02645612,0.076
231,52886,150.66246997,-34.02647844,0.0762
232,52888,150.66245041,-34.02649922,0.0765
233,52891,150.66238731,-34.02649028,0.0784
234,52893,150.66238391,-34.02645495,0.069
235,52895,150.6623956,-34.02640839,0.0769
236,52898,150.66239938,-34.02632003,0.073
237,52900,150.66240288,-34.02626295,0.0774
238,52902,150.66240819,-34.02621225,0.079
239,52905,150.66242844,-34.0261379,0.0839
240,52907,150.66245657,-34.02609498,0.0718
241,52909,150.66247695,-34.02605261,0.0733
242,52912,150.6625236,-34.02599393,0.0778
243,52914,150.66253689,-34.02596,0.0726
244,52917,150.6625711,-34.02590838,0.0777
245,52919,150.66254724,-34.02587333,0.0717
246,52921,150.66248193,-34.02587252,0.0765
247,52924,150.66242191,-34.02592167,0.0811
248,52926,150.66241126,-34.02597911,0.0778
249,52928,150.6624059,-34.02603768,0.0805
250,52931,150.66239927,-34.02611037,0.0795
251,52933,150.6623935,-34.02616487,0.0772
252,52935,150.66239386,-34.02620455,0.0779
253,52938,150.66238387,-34.02626833,0.0742
254,52940,150.66237489,-34.02631557,0.0793
255,52942,150.66237711,-34.0263562,0.0785
256,52945,150.66237081,-34.02641833,0.0796
257,52947,150.66236316,-34.02645126,0.0808
258,52949,150.66235427,-34.02648164,0.0769
259,52952,150.66232877,-34.02651958,0.0829
260,52954,150.66230066,-34.02652767,0.0812
261,52956,150.66228027,-34.0265,0.0783
262,52959,150.66228923,-34.02643258,0.0799
263,52961,150.66229246,-34.02638701,0.0812
264,52963,150.66230439,-34.02634055,0.0775
265,52966,150.66231732,-34.02626861,0.0771
266,52968,150.66233418,-34.02621675,0.0752
267,52970,150.66235121,-34.02616411,0.0772
268,52973,150.66234813,-34.0260846,0.0744
269,52975,150.66232551,-34.02603176,0.0799
270,52978,150.66235573,-34.02596937,0.0826
271,52980,150.66239507,-34.02592327,0.0767
272,52982,150.66243093,-34.02588061,0.0754
273,52985,150.66244634,-34.02584094,0.0841
274,52987,150.66241094,-34.02584775,0.0754
275,52989,150.66238023,-34.02589055,0.0796
276,52992,150.66235031,-34.02596377,0.0788
277,52994,150.66233691,-34.02600755,0.0829
278,52996,150.66232989,-34.02604885,0.0832
279,52999,150.66231752,-34.02610372,0.0731
280,53001,150.6623102,-34.02613847,0.0858
281,53003,150.66229885,-34.02617354,0.0835
282,53006,150.66228279,-34.02623207,0.0799
283,53008,150.66226852,-34.02627247,0.082
284,53010,150.662258,-34.02631627,0.0822
285,53013,150.66224359,-34.02638428,0.0821
286,53015,150.66223652,-34.02642351,0.0815
287,53017,150.66221548,-34.02644326,0.0795
288,53020,150.66217783,-34.02641834,0.076
289,53022,150.662182,-34.02637906,0.0763
290,53025,150.66219438,-34.02631352,0.0744
291,53027,150.66219763,-34.02627119,0.0778
292,53029,150.66220661,-34.02622892,0.0825
293,53031,150.66220498,-34.02619105,0.081
294,53034,150.66221478,-34.02613605,0.0851
295,53036,150.66223543,-34.02609155,0.0758
296,53039,150.66227014,-34.0260228,0.0797
297,53041,150.66228939,-34.02597817,0.0774
298,53043,150.6623066,-34.02593533,0.0709
299,53046,150.66233445,-34.02587767,0.0701
300,53047,150.662341,-34.02583418,0.0762
301,53049,150.66230926,-34.02579597,0.0734
302,53052,150.6622187,-34.02580278,0.0774
303,53054,150.66219459,-34.02584359,0.0869
304,53056,150.66219268,-34.02589949,0.0767
305,53059,150.66218189,-34.02598127,0.0808
306,53061,150.662182,-34.02602367,0.0788
307,53063,150.66217978,-34.02606429,0.0722
308,53066,150.6621782,-34.02612734,0.071
309,53068,150.66216955,-34.02616679,0.0676
310,53070,150.66216252,-34.02620638,0.0772
311,53073,150.6621479,-34.02626536,0.0755
312,53075,150.66214107,-34.02630401,0.0736
313,53077,150.66212673,-34.02634198,0.0784
314,53080,150.6620686,-34.02635353,0.0787
315,53082,150.66206374,-34.02631316,0.0815
316,53085,150.66207875,-34.02626853,0.0785
317,53088,150.66211259,-34.02620162,0.0741
318,53090,150.66213493,-34.02615736,0.0789
319,53093,150.66214626,-34.02608406,0.0751
320,53095,150.6621481,-34.02603652,0.0718
321,53097,150.66215911,-34.02599234,0.0751
322,53100,150.66217482,-34.02592708,0.0742
323,53102,150.66217773,-34.02588376,0.0774
324,53104,150.66218404,-34.02584093,0.0811
325,53107,150.66218359,-34.02578084,0.0744
326,53109,150.66214676,-34.02575743,0.086
327,53111,150.66211555,-34.02577904,0.0764
328,53114,150.66209123,-34.02582232,0.0818
329,53116,150.66207732,-34.02587415,0.0774
330,53118,150.66206636,-34.02591632,0.078
331,53121,150.66205088,-34.02598683,0.0811
332,53123,150.66204168,-34.02603479,0.0803
333,53126,150.66203523,-34.02610671,0.0819
334,53128,150.66203291,-34.02615454,0.0785
335,53130,150.66203166,-34.0262007,0.08
336,53133,150.66199531,-34.02625382,0.0824
337,53135,150.66196601,-34.02624418,0.0808
338,53137,150.66196137,-34.02620558,0.0801
339,53140,150.66197799,-34.02612301,0.0762
340,53142,150.66198349,-34.02606646,0.0723
341,53144,150.66199456,-34.0260223,0.0726
342,53147,150.66200177,-34.02595919,0.0754
343,53149,150.6620047,-34.02591491,0.0769
344,53151,150.66201013,-34.02587297,0.0827
345,53154,150.66201152,-34.02580991,0.0747
346,53156,150.66202879,-34.0257735,0.0827
347,53158,150.66207933,-34.02576085,0.0736
348,53161,150.66215738,-34.02577425,0.0786
349,53163,150.66219969,-34.0257913,0.0785
